1 0.9362980769230769 0.41466346153846156 0.12740384615384615 0.22596153846153846
0 0.578125 0.35096153846153844 0.09375 0.19951923076923078
0 0.23918269230769232 0.2860576923076923 0.10096153846153846 0.18990384615384615
0 0.3173076923076923 0.30528846153846156 0.08413461538461539 0.1875
0 0.06490384615384616 0.25721153846153844 0.08413461538461539 0.1778846153846154
0 0.828125 0.4110576923076923 0.11057692307692307 0.20192307692307693
1 0.6742788461538461 0.38341346153846156 0.125 0.2548076923076923
0 0.7487980769230769 0.4014423076923077 0.08653846153846154 0.21634615384615385
0 0.4879807692307692 0.35336538461538464 0.09134615384615384 0.20192307692307693
0 0.9819711538461539 0.453125 0.036057692307692304 0.18028846153846154
0 0.14302884615384615 0.296875 0.0889423076923077 0.17548076923076922
1 0.40865384615384615 0.35336538461538464 0.10576923076923077 0.20192307692307693
1 0.06610576923076923 0.7668269230769231 0.10096153846153846 0.23798076923076922
1 0.013221153846153846 0.7512019230769231 0.026442307692307692 0.23317307692307693
1 0.4879807692307692 0.859375 0.12980769230769232 0.24278846153846154
0 0.9026442307692307 0.9230769230769231 0.07451923076923077 0.15384615384615385
1 0.8341346153846154 0.9170673076923077 0.11538461538461539 0.1658653846153846
1 0.16105769230769232 0.8088942307692307 0.10336538461538461 0.21634615384615385
1 0.7487980769230769 0.8966346153846154 0.11778846153846154 0.20673076923076922
0 0.30649038461538464 0.8473557692307693 0.09375 0.19951923076923078
0 0.6538461538461539 0.9086538461538461 0.10096153846153846 0.18269230769230768
0 0.5492788461538461 0.9014423076923077 0.0985576923076923 0.1971153846153846
0 0.3954326923076923 0.875 0.08413461538461539 0.1778846153846154
0 0.22596153846153846 0.8497596153846154 0.08173076923076923 0.18028846153846154
1 0.8737980769230769 0.17427884615384615 0.11057692307692307 0.2283653846153846
0 0.7836538461538461 0.14302884615384615 0.09134615384615384 0.1971153846153846
1 0.5504807692307693 0.10697115384615384 0.10576923076923077 0.21394230769230768
1 0.3762019230769231 0.0889423076923077 0.10336538461538461 0.1778846153846154
0 0.703125 0.1346153846153846 0.11298076923076923 0.21394230769230768
1 0.45552884615384615 0.1045673076923077 0.11778846153846154 0.2091346153846154
1 0.6237980769230769 0.1310096153846154 0.11298076923076923 0.23798076923076922
0 0.2800480769230769 0.08173076923076923 0.0985576923076923 0.16346153846153846
1 0.9591346153846154 0.18990384615384615 0.08173076923076923 0.22115384615384615
1 0.1971153846153846 0.07692307692307693 0.09615384615384616 0.15384615384615385
1 0.109375 0.06009615384615385 0.0889423076923077 0.1201923076923077