0 0.9278846153846154 0.1935096153846154 0.10336538461538461 0.05048076923076923
1 0.21634615384615385 0.2091346153846154 0.11778846153846154 0.11538461538461539
1 0.43149038461538464 0.21394230769230768 0.15144230769230768 0.12980769230769232
1 0.3449519230769231 0.013221153846153846 0.08413461538461539 0.02403846153846154
0 0.9014423076923077 0.27163461538461536 0.10817307692307693 0.057692307692307696
0 0.43149038461538464 0.34134615384615385 0.0889423076923077 0.0985576923076923
0 0.8930288461538461 0.3629807692307692 0.1201923076923077 0.08173076923076923
0 0.3762019230769231 0.40024038461538464 0.11298076923076923 0.08173076923076923
0 0.5216346153846154 0.018028846153846152 0.14423076923076922 0.036057692307692304
1 0.8137019230769231 0.4723557692307692 0.18028846153846154 0.13942307692307693
1 0.36658653846153844 0.4879807692307692 0.13942307692307693 0.07932692307692307
0 0.9831730769230769 0.5144230769230769 0.03125 0.019230769230769232
1 0.3016826923076923 0.5685096153846154 0.14423076923076922 0.07211538461538461
0 0.9423076923076923 0.030048076923076924 0.0625 0.06009615384615385
1 0.7776442307692307 0.5973557692307693 0.1658653846153846 0.09375
0 0.9831730769230769 0.6081730769230769 0.03365384615384615 0.04807692307692308
0 0.9639423076923077 0.6682692307692307 0.06971153846153846 0.04326923076923077
0 0.2692307692307692 0.6850961538461539 0.16346153846153846 0.09134615384615384
0 0.7668269230769231 0.734375 0.14182692307692307 0.0673076923076923
1 0.24759615384615385 0.7692307692307693 0.12980769230769232 0.11538461538461539
1 0.29086538461538464 0.05048076923076923 0.12740384615384615 0.0625
1 0.9435096153846154 0.7704326923076923 0.09615384615384616 0.10576923076923077
0 0.7379807692307693 0.8269230769230769 0.14182692307692307 0.08173076923076923
1 0.22956730769230768 0.8786057692307693 0.13701923076923078 0.08173076923076923
0 0.7151442307692307 0.9002403846153846 0.14903846153846154 0.08653846153846154
0 0.9387019230769231 0.8990384615384616 0.12259615384615384 0.11057692307692307
1 0.14903846153846154 0.9471153846153846 0.14423076923076922 0.10576923076923077
1 0.6286057692307693 0.9483173076923077 0.1658653846153846 0.10096153846153846
0 0.5036057692307693 0.06850961538461539 0.16105769230769232 0.07211538461538461
0 0.9158653846153846 0.9759615384615384 0.13221153846153846 0.036057692307692304
0 0.9338942307692307 0.11057692307692307 0.11778846153846154 0.0625
1 0.25721153846153844 0.13822115384615385 0.13701923076923078 0.08173076923076923
0 0.4723557692307692 0.14182692307692307 0.15384615384615385 0.07932692307692307