1 0.8329326923076923 0.4110576923076923 0.03365384615384615 0.24759615384615385
0 0.703125 0.42427884615384615 0.036057692307692304 0.1971153846153846
0 0.3076923076923077 0.4338942307692308 0.03365384615384615 0.16826923076923078
0 0.10576923076923077 0.4362980769230769 0.052884615384615384 0.2548076923076923
0 0.6358173076923077 0.4338942307692308 0.052884615384615384 0.22596153846153846
1 0.5661057692307693 0.4362980769230769 0.057692307692307696 0.2644230769230769
0 0.9663461538461539 0.4387019230769231 0.04807692307692308 0.25961538461538464
0 0.36658653846153844 0.44471153846153844 0.04326923076923077 0.22115384615384615
0 0.037259615384615384 0.44711538461538464 0.04326923076923077 0.21153846153846154
1 0.43149038461538464 0.44591346153846156 0.04326923076923077 0.2668269230769231
0 0.8978365384615384 0.4483173076923077 0.04326923076923077 0.22115384615384615
0 0.1622596153846154 0.4495192307692308 0.028846153846153848 0.22596153846153846
0 0.5048076923076923 0.4519230769230769 0.04326923076923077 0.1875
1 0.7680288461538461 0.45913461538461536 0.052884615384615384 0.22596153846153846
0 0.24278846153846154 0.46153846153846156 0.038461538461538464 0.22355769230769232
1 0.9086538461538461 0.75 0.04567307692307692 0.22596153846153846
1 0.9783653846153846 0.7536057692307693 0.04326923076923077 0.22596153846153846
0 0.16947115384615385 0.7536057692307693 0.055288461538461536 0.20673076923076922
0 0.3545673076923077 0.7776442307692307 0.038461538461538464 0.21394230769230768
1 0.0889423076923077 0.7776442307692307 0.04326923076923077 0.2644230769230769
1 0.4266826923076923 0.7824519230769231 0.04807692307692308 0.2403846153846154
1 0.22716346153846154 0.7824519230769231 0.04567307692307692 0.27403846153846156
0 0.29447115384615385 0.7824519230769231 0.040865384615384616 0.20673076923076922
0 0.8317307692307693 0.7920673076923077 0.038461538461538464 0.22596153846153846
0 0.6334134615384616 0.796875 0.038461538461538464 0.23557692307692307
0 0.5012019230769231 0.8016826923076923 0.04326923076923077 0.23557692307692307
0 0.026442307692307692 0.8028846153846154 0.03365384615384615 0.2403846153846154
1 0.7728365384615384 0.8040865384615384 0.036057692307692304 0.25
0 0.5637019230769231 0.8125 0.04326923076923077 0.23076923076923078
0 0.7019230769230769 0.8125 0.04326923076923077 0.25