0 0.59375 0.49038461538461536 0.057692307692307696 0.14182692307692307
0 0.31490384615384615 0.45072115384615385 0.05048076923076923 0.11538461538461539
0 0.6346153846153846 0.515625 0.055288461538461536 0.11298076923076923
0 0.6814903846153846 0.5228365384615384 0.05048076923076923 0.1201923076923077
0 0.18269230769230768 0.42788461538461536 0.052884615384615384 0.11538461538461539
0 0.3605769230769231 0.4639423076923077 0.05048076923076923 0.13221153846153846
0 0.23918269230769232 0.44471153846153844 0.052884615384615384 0.12259615384615384
1 0.8161057692307693 0.5564903846153846 0.06971153846153846 0.16105769230769232
1 0.4050480769230769 0.47596153846153844 0.052884615384615384 0.1466346153846154
0 0.1346153846153846 0.42427884615384615 0.07932692307692307 0.15384615384615385
0 0.45913461538461536 0.49038461538461536 0.04567307692307692 0.12980769230769232
0 0.8629807692307693 0.5697115384615384 0.06490384615384616 0.1346153846153846
0 0.7692307692307693 0.5588942307692307 0.06009615384615385 0.13701923076923078
1 0.53125 0.5132211538461539 0.07451923076923077 0.15865384615384615
1 0.7680288461538461 0.8209134615384616 0.06490384615384616 0.17067307692307693
1 0.3557692307692308 0.7403846153846154 0.057692307692307696 0.15865384615384615
0 0.40625 0.7548076923076923 0.052884615384615384 0.14903846153846154
1 0.30528846153846156 0.7367788461538461 0.06490384615384616 0.17067307692307693
0 0.12980769230769232 0.7055288461538461 0.04326923076923077 0.10336538461538461
0 0.4855769230769231 0.7728365384615384 0.05048076923076923 0.13701923076923078
1 0.6334134615384616 0.8064903846153846 0.05048076923076923 0.1466346153846154
1 0.8161057692307693 0.8425480769230769 0.07692307692307693 0.19471153846153846
1 0.25841346153846156 0.7355769230769231 0.06009615384615385 0.15144230769230768
1 0.7091346153846154 0.8245192307692307 0.06971153846153846 0.1466346153846154
1 0.5865384615384616 0.8052884615384616 0.052884615384615384 0.11778846153846154
0 0.08413461538461539 0.7067307692307693 0.04807692307692308 0.125
1 0.5336538461538461 0.7992788461538461 0.06490384615384616 0.18028846153846154
0 0.8737980769230769 0.15985576923076922 0.06971153846153846 0.12259615384615384
0 0.7884615384615384 0.14302884615384615 0.055288461538461536 0.11057692307692307
1 0.5649038461538461 0.10336538461538461 0.0673076923076923 0.15625
0 0.921875 0.17427884615384615 0.055288461538461536 0.12980769230769232
1 0.7379807692307693 0.14423076923076922 0.06009615384615385 0.14182692307692307
0 0.6346153846153846 0.12740384615384615 0.05048076923076923 0.10096153846153846
0 0.4170673076923077 0.08173076923076923 0.04807692307692308 0.08653846153846154
1 0.9615384615384616 0.19230769230769232 0.07692307692307693 0.16826923076923078
0 0.6862980769230769 0.14182692307692307 0.052884615384615384 0.11057692307692307
1 0.4639423076923077 0.10096153846153846 0.057692307692307696 0.14182692307692307
0 0.28725961538461536 0.06610576923076923 0.04567307692307692 0.11057692307692307
1 0.3293269230769231 0.078125 0.0673076923076923 0.12980769230769232
0 0.23557692307692307 0.06009615384615385 0.04567307692307692 0.08413461538461539
0 0.19471153846153846 0.054086538461538464 0.05048076923076923 0.0985576923076923
0 0.5036057692307693 0.12259615384615384 0.06009615384615385 0.125