1 0.6009615384615384 0.17427884615384615 0.24278846153846154 0.16826923076923078
0 0.3629807692307692 0.24519230769230768 0.2644230769230769 0.1778846153846154
1 0.3713942307692308 0.3737980769230769 0.2860576923076923 0.18509615384615385
1 0.6418269230769231 0.31850961538461536 0.25721153846153844 0.18028846153846154
1 0.6778846153846154 0.4483173076923077 0.28365384615384615 0.1778846153846154
1 0.41586538461538464 0.515625 0.25240384615384615 0.17548076923076922
1 0.4519230769230769 0.6538461538461539 0.2668269230769231 0.1778846153846154
0 0.7127403846153846 0.5925480769230769 0.2692307692307692 0.17548076923076922
0 0.4963942307692308 0.7884615384615384 0.24759615384615385 0.16826923076923078
1 0.7548076923076923 0.7379807692307693 0.2644230769230769 0.1778846153846154
0 0.5697115384615384 0.06129807692307692 0.25961538461538464 0.12259615384615384
0 0.32091346153846156 0.10096153846153846 0.27163461538461536 0.18990384615384615
0 0.7740384615384616 0.8677884615384616 0.25240384615384615 0.1778846153846154
1 0.5144230769230769 0.9242788461538461 0.27403846153846156 0.15144230769230768