1 0.6983173076923077 0.9543269230769231 0.07451923076923077 0.052884615384615384
1 0.9387019230769231 0.9350961538461539 0.07692307692307693 0.026442307692307692
1 0.8185096153846154 0.17427884615384615 0.11057692307692307 0.2764423076923077
1 0.9555288461538461 0.19230769230769232 0.04807692307692308 0.25240384615384615
1 0.5288461538461539 0.26322115384615385 0.11298076923076923 0.31490384615384615
1 0.6862980769230769 0.2548076923076923 0.09615384615384616 0.2548076923076923
1 0.6057692307692307 0.2668269230769231 0.0985576923076923 0.23798076923076922
1 0.3786057692307692 0.30649038461538464 0.125 0.3004807692307692
1 0.7536057692307693 0.25721153846153844 0.0985576923076923 0.27884615384615385
1 0.453125 0.30288461538461536 0.12740384615384615 0.3173076923076923
1 0.9146634615384616 0.24759615384615385 0.11298076923076923 0.2620192307692308
1 0.2920673076923077 0.35216346153846156 0.1201923076923077 0.3173076923076923
1 0.22235576923076922 0.36899038461538464 0.1201923076923077 0.2956730769230769
1 0.13942307692307693 0.3918269230769231 0.13221153846153846 0.3173076923076923
1 0.9747596153846154 0.47596153846153844 0.05048076923076923 0.2692307692307692
1 0.8629807692307693 0.5048076923076923 0.10336538461538461 0.2692307692307692
0 0.9290865384615384 0.49759615384615385 0.0985576923076923 0.25240384615384615
1 0.6526442307692307 0.5420673076923077 0.0985576923076923 0.27403846153846156
0 0.8004807692307693 0.5324519230769231 0.08413461538461539 0.24759615384615385
1 0.7439903846153846 0.5492788461538461 0.10096153846153846 0.2692307692307692
1 0.5829326923076923 0.5841346153846154 0.10096153846153846 0.2980769230769231
1 0.5036057692307693 0.6045673076923077 0.11057692307692307 0.2860576923076923
1 0.41947115384615385 0.6262019230769231 0.11298076923076923 0.3125
1 0.35336538461538464 0.6538461538461539 0.11057692307692307 0.2692307692307692
1 0.20072115384615385 0.6754807692307693 0.11298076923076923 0.2764423076923077
1 0.2704326923076923 0.6730769230769231 0.11298076923076923 0.2980769230769231