0 0.6887019230769231 0.16826923076923078 0.09615384615384616 0.27163461538461536
0 0.9278846153846154 0.15264423076923078 0.0889423076923077 0.24519230769230768
0 0.36899038461538464 0.1935096153846154 0.09615384615384616 0.27403846153846156
0 0.8473557692307693 0.1622596153846154 0.09375 0.25721153846153844
1 0.7668269230769231 0.17067307692307693 0.09134615384615384 0.28846153846153844
0 0.44591346153846156 0.19951923076923078 0.09134615384615384 0.2283653846153846
0 0.14783653846153846 0.22235576923076922 0.12980769230769232 0.2956730769230769
1 0.6057692307692307 0.19230769230769232 0.0985576923076923 0.2764423076923077
0 0.5252403846153846 0.203125 0.09615384615384616 0.24519230769230768
0 0.2644230769230769 0.22355769230769232 0.12740384615384615 0.27403846153846156
0 0.27524038461538464 0.037259615384615384 0.06490384615384616 0.05048076923076923
0 0.4375 0.027644230769230768 0.07692307692307693 0.052884615384615384
0 0.7548076923076923 0.016826923076923076 0.07692307692307693 0.03365384615384615
0 0.6706730769230769 0.019230769230769232 0.07692307692307693 0.038461538461538464
0 0.5168269230769231 0.027644230769230768 0.08653846153846154 0.055288461538461536
0 0.8365384615384616 0.016826923076923076 0.07692307692307693 0.03365384615384615
0 0.59375 0.026442307692307692 0.07692307692307693 0.052884615384615384
0 0.19230769230769232 0.04927884615384615 0.08173076923076923 0.0625
1 0.35336538461538464 0.039663461538461536 0.07451923076923077 0.06490384615384616
0 0.11057692307692307 0.056490384615384616 0.07692307692307693 0.06490384615384616
1 0.9206730769230769 0.016826923076923076 0.07692307692307693 0.03365384615384615
0 0.6478365384615384 0.7391826923076923 0.0985576923076923 0.23317307692307693
0 0.5697115384615384 0.7487980769230769 0.10336538461538461 0.23798076923076922
0 0.39663461538461536 0.7680288461538461 0.09615384615384616 0.23798076923076922
0 0.7283653846153846 0.7463942307692307 0.0985576923076923 0.25240384615384615
1 0.8930288461538461 0.7355769230769231 0.10336538461538461 0.2620192307692308
0 0.9639423076923077 0.7295673076923077 0.07211538461538461 0.23798076923076922
0 0.8064903846153846 0.7439903846153846 0.10817307692307693 0.24519230769230768
0 0.18629807692307693 0.7884615384615384 0.125 0.27163461538461536
1 0.4831730769230769 0.7716346153846154 0.09134615384615384 0.28846153846153844
0 0.3004807692307692 0.7884615384615384 0.11778846153846154 0.25
1 0.25841346153846156 0.9591346153846154 0.07932692307692307 0.08173076923076923
0 0.5769230769230769 0.9495192307692307 0.09134615384615384 0.09615384615384616
0 0.421875 0.9555288461538461 0.07932692307692307 0.0889423076923077
0 0.9711538461538461 0.921875 0.057692307692307696 0.09375
0 0.1778846153846154 0.96875 0.07692307692307693 0.0625
0 0.8197115384615384 0.9387019230769231 0.0889423076923077 0.08413461538461539
0 0.7367788461538461 0.9447115384615384 0.07932692307692307 0.08413461538461539
0 0.6598557692307693 0.9507211538461539 0.07932692307692307 0.08413461538461539
0 0.5 0.9591346153846154 0.08173076923076923 0.08173076923076923
0 0.3425480769230769 0.96875 0.06971153846153846 0.0625
0 0.8966346153846154 0.9399038461538461 0.07692307692307693 0.07211538461538461