0 0.78125 0.3004807692307692 0.038461538461538464 0.06490384615384616
0 0.7560096153846154 0.3016826923076923 0.038461538461538464 0.06971153846153846
0 0.7295673076923077 0.3004807692307692 0.036057692307692304 0.06971153846153846
0 0.7043269230769231 0.2980769230769231 0.038461538461538464 0.06971153846153846
0 0.6790865384615384 0.2980769230769231 0.036057692307692304 0.06490384615384616
0 0.6382211538461539 0.2920673076923077 0.036057692307692304 0.0673076923076923
0 0.609375 0.2920673076923077 0.03125 0.0625
0 0.5829326923076923 0.2920673076923077 0.028846153846153848 0.0673076923076923
0 0.5588942307692307 0.28725961538461536 0.028846153846153848 0.0673076923076923
0 0.53125 0.28846153846153844 0.03125 0.06490384615384616
0 0.5060096153846154 0.2848557692307692 0.028846153846153848 0.057692307692307696
0 0.4795673076923077 0.28365384615384615 0.028846153846153848 0.06009615384615385
0 0.4519230769230769 0.2776442307692308 0.028846153846153848 0.055288461538461536
0 0.4230769230769231 0.27524038461538464 0.03125 0.0625
0 0.3942307692307692 0.27403846153846156 0.028846153846153848 0.0625
0 0.36658653846153844 0.27163461538461536 0.03125 0.057692307692307696
0 0.33774038461538464 0.2704326923076923 0.03125 0.057692307692307696
0 0.3088942307692308 0.265625 0.03125 0.052884615384615384
0 0.27884615384615385 0.2668269230769231 0.03365384615384615 0.057692307692307696
0 0.24879807692307693 0.2620192307692308 0.03125 0.06490384615384616
0 0.22235576923076922 0.2608173076923077 0.03365384615384615 0.057692307692307696
0 0.19230769230769232 0.2548076923076923 0.038461538461538464 0.06490384615384616
0 0.8137019230769231 0.4170673076923077 0.04567307692307692 0.0625
0 0.7872596153846154 0.41346153846153844 0.04567307692307692 0.06490384615384616
0 0.7608173076923077 0.41466346153846156 0.040865384615384616 0.0673076923076923
0 0.7283653846153846 0.41346153846153844 0.04326923076923077 0.06009615384615385
0 0.6959134615384616 0.41225961538461536 0.040865384615384616 0.06490384615384616
0 0.6586538461538461 0.4098557692307692 0.038461538461538464 0.06009615384615385
0 0.6334134615384616 0.40865384615384615 0.038461538461538464 0.06490384615384616
0 0.5985576923076923 0.40024038461538464 0.036057692307692304 0.06009615384615385
0 0.5709134615384616 0.4014423076923077 0.036057692307692304 0.06009615384615385
0 0.5420673076923077 0.39903846153846156 0.038461538461538464 0.06490384615384616
0 0.5120192307692307 0.3954326923076923 0.036057692307692304 0.06490384615384616
0 0.4855769230769231 0.3954326923076923 0.03365384615384615 0.0625
0 0.453125 0.3918269230769231 0.03365384615384615 0.07211538461538461
0 0.4230769230769231 0.39302884615384615 0.03365384615384615 0.0625
0 0.39302884615384615 0.3870192307692308 0.038461538461538464 0.0673076923076923
0 0.3581730769230769 0.38100961538461536 0.036057692307692304 0.07451923076923077
0 0.32572115384615385 0.38341346153846156 0.036057692307692304 0.07692307692307693
0 0.29447115384615385 0.3786057692307692 0.040865384615384616 0.07692307692307693
0 0.26322115384615385 0.3798076923076923 0.036057692307692304 0.07211538461538461
0 0.22956730769230768 0.37740384615384615 0.04326923076923077 0.07692307692307693
0 0.19591346153846154 0.375 0.038461538461538464 0.07451923076923077
0 0.1622596153846154 0.3737980769230769 0.040865384615384616 0.06971153846153846
0 0.8317307692307693 0.4795673076923077 0.040865384615384616 0.08173076923076923
0 0.8028846153846154 0.4807692307692308 0.05048076923076923 0.08413461538461539
0 0.7740384615384616 0.47475961538461536 0.04567307692307692 0.08653846153846154
0 0.7463942307692307 0.48197115384615385 0.04567307692307692 0.08173076923076923
0 0.7151442307692307 0.47716346153846156 0.040865384615384616 0.08413461538461539
0 0.6694711538461539 0.47836538461538464 0.036057692307692304 0.0889423076923077
0 0.6382211538461539 0.47475961538461536 0.04807692307692308 0.08653846153846154
0 0.609375 0.47475961538461536 0.04326923076923077 0.08173076923076923
0 0.5769230769230769 0.46875 0.04326923076923077 0.08653846153846154
0 0.546875 0.47115384615384615 0.036057692307692304 0.07692307692307693
0 0.5132211538461539 0.4699519230769231 0.038461538461538464 0.07692307692307693
0 0.4831730769230769 0.46875 0.038461538461538464 0.07451923076923077
0 0.45072115384615385 0.4639423076923077 0.03125 0.07451923076923077
0 0.41947115384615385 0.4639423076923077 0.036057692307692304 0.07451923076923077
0 0.38822115384615385 0.46153846153846156 0.03365384615384615 0.07451923076923077
0 0.3545673076923077 0.4579326923076923 0.036057692307692304 0.07451923076923077
0 0.32091346153846156 0.45913461538461536 0.036057692307692304 0.07451923076923077
0 0.28846153846153844 0.45552884615384615 0.038461538461538464 0.06971153846153846
0 0.2536057692307692 0.453125 0.038461538461538464 0.07692307692307693
0 0.22115384615384615 0.4495192307692308 0.04326923076923077 0.07692307692307693
0 0.1875 0.4495192307692308 0.038461538461538464 0.07211538461538461
0 0.1502403846153846 0.4423076923076923 0.04807692307692308 0.07692307692307693
0 0.8786057692307693 0.6394230769230769 0.05048076923076923 0.08653846153846154
0 0.8485576923076923 0.6394230769230769 0.05048076923076923 0.08173076923076923
0 0.8125 0.6394230769230769 0.05048076923076923 0.08173076923076923
0 0.7800480769230769 0.6346153846153846 0.04567307692307692 0.08173076923076923
0 0.7463942307692307 0.6394230769230769 0.04807692307692308 0.07692307692307693
0 0.6947115384615384 0.6334134615384616 0.04326923076923077 0.07451923076923077
0 0.6610576923076923 0.6286057692307693 0.04567307692307692 0.08173076923076923
0 0.6237980769230769 0.6310096153846154 0.052884615384615384 0.0889423076923077
0 0.5913461538461539 0.6286057692307693 0.04567307692307692 0.08173076923076923
0 0.5564903846153846 0.6310096153846154 0.04567307692307692 0.08413461538461539
0 0.5240384615384616 0.6274038461538461 0.040865384615384616 0.08413461538461539
0 0.4879807692307692 0.6274038461538461 0.040865384615384616 0.09134615384615384
0 0.453125 0.6213942307692307 0.04326923076923077 0.08173076923076923
0 0.41586538461538464 0.6213942307692307 0.040865384615384616 0.0889423076923077
0 0.3798076923076923 0.6177884615384616 0.040865384615384616 0.08413461538461539
0 0.34134615384615385 0.6213942307692307 0.040865384615384616 0.08413461538461539
0 0.30288461538461536 0.6213942307692307 0.04567307692307692 0.08653846153846154
0 0.265625 0.6177884615384616 0.04807692307692308 0.08413461538461539
0 0.22716346153846154 0.6141826923076923 0.04567307692307692 0.09134615384615384
0 0.18990384615384615 0.6153846153846154 0.05048076923076923 0.09615384615384616
0 0.15264423076923078 0.609375 0.04567307692307692 0.09134615384615384
0 0.1141826923076923 0.6045673076923077 0.052884615384615384 0.09134615384615384
0 0.9362980769230769 0.7620192307692307 0.057692307692307696 0.07932692307692307
0 0.8990384615384616 0.7644230769230769 0.06009615384615385 0.0889423076923077
0 0.8569711538461539 0.7632211538461539 0.06009615384615385 0.09134615384615384
1 0.8173076923076923 0.7608173076923077 0.06490384615384616 0.09375
0 0.7740384615384616 0.7572115384615384 0.06009615384615385 0.0985576923076923
0 0.7355769230769231 0.7560096153846154 0.057692307692307696 0.09134615384615384
1 0.6911057692307693 0.7512019230769231 0.057692307692307696 0.08413461538461539
0 0.6454326923076923 0.7536057692307693 0.057692307692307696 0.08413461538461539
0 0.6045673076923077 0.7572115384615384 0.057692307692307696 0.0889423076923077
0 0.5600961538461539 0.75 0.055288461538461536 0.08653846153846154
0 0.5180288461538461 0.7512019230769231 0.04567307692307692 0.0889423076923077
0 0.47716346153846156 0.7524038461538461 0.05048076923076923 0.09134615384615384