0 0.22115384615384615 0.2704326923076923 0.040865384615384616 0.06971153846153846
0 0.24639423076923078 0.27403846153846156 0.040865384615384616 0.07451923076923077
0 0.27524038461538464 0.27403846153846156 0.040865384615384616 0.07451923076923077
0 0.30288461538461536 0.27403846153846156 0.04326923076923077 0.07451923076923077
0 0.33052884615384615 0.2776442307692308 0.038461538461538464 0.06971153846153846
0 0.3737980769230769 0.27524038461538464 0.038461538461538464 0.07211538461538461
0 0.40384615384615385 0.2764423076923077 0.03125 0.06490384615384616
0 0.4326923076923077 0.2800480769230769 0.03125 0.06971153846153846
0 0.45913461538461536 0.27884615384615385 0.03125 0.06971153846153846
0 0.4879807692307692 0.28125 0.03365384615384615 0.0673076923076923
0 0.515625 0.27884615384615385 0.028846153846153848 0.06009615384615385
0 0.5444711538461539 0.2800480769230769 0.03125 0.0625
0 0.5769230769230769 0.2764423076923077 0.028846153846153848 0.057692307692307696
0 0.6069711538461539 0.2776442307692308 0.03365384615384615 0.06490384615384616
0 0.6382211538461539 0.27884615384615385 0.028846153846153848 0.06490384615384616
0 0.6670673076923077 0.27884615384615385 0.03125 0.06009615384615385
0 0.6983173076923077 0.2800480769230769 0.03125 0.06009615384615385
0 0.7295673076923077 0.2776442307692308 0.03125 0.057692307692307696
0 0.7632211538461539 0.28125 0.036057692307692304 0.0625
0 0.7956730769230769 0.2776442307692308 0.03365384615384615 0.06971153846153846
0 0.8233173076923077 0.27884615384615385 0.036057692307692304 0.06009615384615385
0 0.8557692307692307 0.2776442307692308 0.040865384615384616 0.06971153846153846
0 0.17548076923076922 0.39302884615384615 0.04807692307692308 0.0673076923076923
0 0.203125 0.390625 0.04807692307692308 0.06971153846153846
0 0.23197115384615385 0.3942307692307692 0.04567307692307692 0.07211538461538461
0 0.2668269230769231 0.3954326923076923 0.04567307692307692 0.06490384615384616
0 0.3004807692307692 0.39903846153846156 0.040865384615384616 0.06971153846153846
0 0.34134615384615385 0.39903846153846156 0.040865384615384616 0.06490384615384616
0 0.36899038461538464 0.39903846153846156 0.040865384615384616 0.06971153846153846
0 0.40625 0.3942307692307692 0.038461538461538464 0.06490384615384616
0 0.4362980769230769 0.39783653846153844 0.038461538461538464 0.06490384615384616
0 0.4675480769230769 0.39783653846153844 0.040865384615384616 0.06971153846153846
0 0.5012019230769231 0.39783653846153844 0.036057692307692304 0.0673076923076923
0 0.5288461538461539 0.40024038461538464 0.036057692307692304 0.06490384615384616
0 0.5637019230769231 0.40024038461538464 0.036057692307692304 0.07451923076923077
0 0.5961538461538461 0.4026442307692308 0.03365384615384615 0.06490384615384616
0 0.6286057692307693 0.40024038461538464 0.040865384615384616 0.07211538461538461
0 0.6658653846153846 0.39663461538461536 0.036057692307692304 0.07932692307692307
0 0.7007211538461539 0.4026442307692308 0.036057692307692304 0.08173076923076923
0 0.734375 0.40024038461538464 0.04326923076923077 0.08173076923076923
0 0.7680288461538461 0.4026442307692308 0.038461538461538464 0.07692307692307693
0 0.8040865384615384 0.40384615384615385 0.04326923076923077 0.08413461538461539
0 0.8401442307692307 0.4050480769230769 0.040865384615384616 0.07932692307692307
0 0.8762019230769231 0.40625 0.04326923076923077 0.07451923076923077
0 0.14903846153846154 0.4579326923076923 0.04326923076923077 0.0889423076923077
0 0.18028846153846154 0.46153846153846156 0.05048076923076923 0.0889423076923077
0 0.21033653846153846 0.4579326923076923 0.04567307692307692 0.09375
0 0.2403846153846154 0.46634615384615385 0.04807692307692308 0.0889423076923077
0 0.27524038461538464 0.46634615384615385 0.04326923076923077 0.0889423076923077
0 0.3233173076923077 0.4723557692307692 0.036057692307692304 0.09375
0 0.3581730769230769 0.47115384615384615 0.04807692307692308 0.09375
0 0.38822115384615385 0.4735576923076923 0.04326923076923077 0.08653846153846154
0 0.4230769230769231 0.4699519230769231 0.04326923076923077 0.09375
0 0.45552884615384615 0.47596153846153844 0.036057692307692304 0.08173076923076923
0 0.49158653846153844 0.47716346153846156 0.038461538461538464 0.08413461538461539
0 0.5228365384615384 0.4795673076923077 0.038461538461538464 0.07932692307692307
0 0.5600961538461539 0.47716346153846156 0.03125 0.07692307692307693
0 0.5925480769230769 0.4795673076923077 0.038461538461538464 0.07692307692307693
0 0.6274038461538461 0.4807692307692308 0.03365384615384615 0.07932692307692307
0 0.6634615384615384 0.47836538461538464 0.036057692307692304 0.07932692307692307
0 0.6995192307692307 0.4831730769230769 0.036057692307692304 0.07692307692307693
0 0.734375 0.4831730769230769 0.04326923076923077 0.07451923076923077
0 0.7716346153846154 0.484375 0.038461538461538464 0.08173076923076923
0 0.8076923076923077 0.4831730769230769 0.04567307692307692 0.08173076923076923
0 0.84375 0.48677884615384615 0.040865384615384616 0.07692307692307693
0 0.8834134615384616 0.4807692307692308 0.04807692307692308 0.08413461538461539
0 0.08413461538461539 0.6237980769230769 0.052884615384615384 0.09375
0 0.11658653846153846 0.6286057692307693 0.052884615384615384 0.08653846153846154
0 0.15504807692307693 0.6298076923076923 0.05048076923076923 0.0889423076923077
0 0.18990384615384615 0.6286057692307693 0.04807692307692308 0.08653846153846154
0 0.22596153846153846 0.6358173076923077 0.04807692307692308 0.08413461538461539
0 0.28125 0.6346153846153846 0.04567307692307692 0.07932692307692307
0 0.31850961538461536 0.6334134615384616 0.04807692307692308 0.08653846153846154
0 0.3581730769230769 0.6382211538461539 0.055288461538461536 0.09375
0 0.39302884615384615 0.6394230769230769 0.04807692307692308 0.0889423076923077
0 0.43028846153846156 0.6454326923076923 0.04807692307692308 0.0889423076923077
0 0.4651442307692308 0.6442307692307693 0.04326923076923077 0.0889423076923077
0 0.5036057692307693 0.6478365384615384 0.04326923076923077 0.0985576923076923
0 0.5420673076923077 0.6454326923076923 0.04326923076923077 0.08653846153846154
0 0.5829326923076923 0.6478365384615384 0.04326923076923077 0.09615384615384616
0 0.6213942307692307 0.6478365384615384 0.04326923076923077 0.09134615384615384
0 0.6622596153846154 0.65625 0.04326923076923077 0.09134615384615384
0 0.703125 0.6586538461538461 0.04807692307692308 0.09375
0 0.7439903846153846 0.6586538461538461 0.04807692307692308 0.09134615384615384
0 0.7848557692307693 0.6586538461538461 0.04807692307692308 0.0985576923076923
0 0.8245192307692307 0.6634615384615384 0.05048076923076923 0.10096153846153846
0 0.8653846153846154 0.6610576923076923 0.04807692307692308 0.0985576923076923
0 0.90625 0.6598557692307693 0.055288461538461536 0.0985576923076923
0 0.020432692307692308 0.7512019230769231 0.040865384615384616 0.08413461538461539
0 0.05048076923076923 0.7560096153846154 0.0625 0.09375
1 0.09615384615384616 0.7596153846153846 0.0625 0.09615384615384616
1 0.13942307692307693 0.7620192307692307 0.0673076923076923 0.0985576923076923
0 0.18509615384615385 0.7608173076923077 0.0625 0.10336538461538461
0 0.22716346153846154 0.7620192307692307 0.06009615384615385 0.0985576923076923
0 0.27403846153846156 0.7620192307692307 0.06009615384615385 0.0889423076923077
0 0.3233173076923077 0.7680288461538461 0.06009615384615385 0.0889423076923077
0 0.36778846153846156 0.7764423076923077 0.06009615384615385 0.09375
0 0.41466346153846156 0.7728365384615384 0.057692307692307696 0.09134615384615384
0 0.46033653846153844 0.7788461538461539 0.04807692307692308 0.09615384615384616
0 0.5036057692307693 0.7836538461538461 0.052884615384615384 0.0985576923076923