0 0.2932692307692308 0.234375 0.05048076923076923 0.06971153846153846
0 0.31850961538461536 0.24158653846153846 0.05048076923076923 0.07451923076923077
0 0.34375 0.24759615384615385 0.04807692307692308 0.07451923076923077
0 0.36778846153846156 0.25240384615384615 0.05048076923076923 0.07451923076923077
1 0.39302884615384615 0.2620192307692308 0.04807692307692308 0.06971153846153846
1 0.4338942307692308 0.26802884615384615 0.04807692307692308 0.07211538461538461
1 0.46033653846153844 0.2764423076923077 0.040865384615384616 0.0673076923076923
0 0.4855769230769231 0.28365384615384615 0.040865384615384616 0.06971153846153846
0 0.5108173076923077 0.28725961538461536 0.040865384615384616 0.06971153846153846
1 0.5360576923076923 0.29447115384615385 0.04326923076923077 0.0673076923076923
0 0.5612980769230769 0.2980769230769231 0.038461538461538464 0.06009615384615385
1 0.5877403846153846 0.30528846153846156 0.038461538461538464 0.0625
0 0.6165865384615384 0.3076923076923077 0.038461538461538464 0.057692307692307696
0 0.6442307692307693 0.31490384615384615 0.04326923076923077 0.0673076923076923
1 0.6730769230769231 0.32211538461538464 0.038461538461538464 0.06490384615384616
0 0.6995192307692307 0.328125 0.040865384615384616 0.06009615384615385
1 0.7271634615384616 0.33533653846153844 0.040865384615384616 0.06009615384615385
1 0.7560096153846154 0.3389423076923077 0.038461538461538464 0.057692307692307696
1 0.7860576923076923 0.3485576923076923 0.04326923076923077 0.0625
0 0.8161057692307693 0.35216346153846156 0.04326923076923077 0.06971153846153846
0 0.8401442307692307 0.3581730769230769 0.04326923076923077 0.06009615384615385
1 0.8701923076923077 0.3629807692307692 0.05048076923076923 0.06971153846153846
0 0.2283653846153846 0.33533653846153844 0.057692307692307696 0.06971153846153846
0 0.2548076923076923 0.34134615384615385 0.055288461538461536 0.07211538461538461
1 0.2800480769230769 0.3485576923076923 0.052884615384615384 0.07211538461538461
0 0.3112980769230769 0.35697115384615385 0.052884615384615384 0.0673076923076923
1 0.3425480769230769 0.36658653846153844 0.05048076923076923 0.06971153846153846
1 0.3798076923076923 0.375 0.04807692307692308 0.06490384615384616
0 0.4050480769230769 0.3798076923076923 0.05048076923076923 0.06971153846153846
1 0.43990384615384615 0.38341346153846156 0.04807692307692308 0.06490384615384616
0 0.4651442307692308 0.3918269230769231 0.04567307692307692 0.06490384615384616
0 0.4951923076923077 0.39663461538461536 0.05048076923076923 0.06971153846153846
0 0.5240384615384616 0.40384615384615385 0.04567307692307692 0.0673076923076923
0 0.5492788461538461 0.4110576923076923 0.04567307692307692 0.0673076923076923
0 0.5817307692307693 0.4170673076923077 0.04567307692307692 0.07451923076923077
1 0.6117788461538461 0.4266826923076923 0.04326923076923077 0.0673076923076923
0 0.6418269230769231 0.43028846153846156 0.05048076923076923 0.07211538461538461
0 0.6742788461538461 0.43509615384615385 0.04807692307692308 0.07932692307692307
1 0.7055288461538461 0.44711538461538464 0.04807692307692308 0.07932692307692307
0 0.7367788461538461 0.4495192307692308 0.052884615384615384 0.08173076923076923
0 0.7680288461538461 0.46033653846153844 0.04807692307692308 0.07692307692307693
0 0.7992788461538461 0.4675480769230769 0.055288461538461536 0.08173076923076923
0 0.8317307692307693 0.47596153846153844 0.05048076923076923 0.07692307692307693
0 0.8641826923076923 0.484375 0.052884615384615384 0.07451923076923077
1 0.19230769230769232 0.390625 0.055288461538461536 0.08653846153846154
1 0.22115384615384615 0.39903846153846156 0.06490384615384616 0.09134615384615384
1 0.24879807692307693 0.4026442307692308 0.06009615384615385 0.09375
1 0.27403846153846156 0.4170673076923077 0.06009615384615385 0.0889423076923077
1 0.30528846153846156 0.421875 0.055288461538461536 0.0889423076923077
1 0.3485576923076923 0.4362980769230769 0.05048076923076923 0.09134615384615384
1 0.38100961538461536 0.44350961538461536 0.0625 0.09375
1 0.4074519230769231 0.45072115384615385 0.057692307692307696 0.08653846153846154
1 0.4411057692307692 0.4543269230769231 0.057692307692307696 0.09134615384615384
1 0.4675480769230769 0.46634615384615385 0.04807692307692308 0.08173076923076923
1 0.5 0.4735576923076923 0.05048076923076923 0.08173076923076923
1 0.5288461538461539 0.4807692307692308 0.05048076923076923 0.07692307692307693
1 0.5625 0.48677884615384615 0.04326923076923077 0.07692307692307693
1 0.5925480769230769 0.4963942307692308 0.04807692307692308 0.07692307692307693
1 0.6225961538461539 0.5036057692307693 0.04567307692307692 0.07692307692307693
1 0.65625 0.5084134615384616 0.04807692307692308 0.07932692307692307
0 0.6887019230769231 0.5192307692307693 0.04807692307692308 0.07692307692307693
0 0.7199519230769231 0.5252403846153846 0.05048076923076923 0.07451923076923077
1 0.7536057692307693 0.5348557692307693 0.05048076923076923 0.07932692307692307
1 0.7872596153846154 0.5408653846153846 0.057692307692307696 0.08173076923076923
1 0.8197115384615384 0.5516826923076923 0.052884615384615384 0.07692307692307693
1 0.8557692307692307 0.5540865384615384 0.06009615384615385 0.08413461538461539
1 0.10096153846153846 0.5276442307692307 0.06490384615384616 0.09375
1 0.12980769230769232 0.5384615384615384 0.0625 0.0889423076923077
1 0.1658653846153846 0.5480769230769231 0.06490384615384616 0.0889423076923077
1 0.19831730769230768 0.5552884615384616 0.06009615384615385 0.08653846153846154
1 0.2283653846153846 0.5673076923076923 0.06009615384615385 0.08413461538461539
1 0.27884615384615385 0.5757211538461539 0.055288461538461536 0.07932692307692307
1 0.3137019230769231 0.5829326923076923 0.057692307692307696 0.08653846153846154
1 0.3473557692307692 0.5961538461538461 0.06971153846153846 0.09615384615384616
1 0.3798076923076923 0.6033653846153846 0.06009615384615385 0.0889423076923077
1 0.41225961538461536 0.6141826923076923 0.06009615384615385 0.0889423076923077
1 0.44471153846153844 0.6213942307692307 0.055288461538461536 0.0889423076923077
1 0.4795673076923077 0.6322115384615384 0.057692307692307696 0.09615384615384616
1 0.5144230769230769 0.6370192307692307 0.057692307692307696 0.08653846153846154
1 0.5516826923076923 0.6478365384615384 0.055288461538461536 0.09375
1 0.5853365384615384 0.6550480769230769 0.055288461538461536 0.0889423076923077
1 0.6213942307692307 0.6694711538461539 0.055288461538461536 0.0889423076923077
1 0.6586538461538461 0.6802884615384616 0.0625 0.09375
0 0.6947115384615384 0.6875 0.0625 0.09134615384615384
1 0.7319711538461539 0.6971153846153846 0.0625 0.09615384615384616
1 0.7692307692307693 0.7079326923076923 0.0673076923076923 0.10096153846153846
0 0.8052884615384616 0.7127403846153846 0.0625 0.0985576923076923
1 0.8425480769230769 0.7199519230769231 0.06971153846153846 0.0985576923076923
1 0.02283653846153846 0.6298076923076923 0.04567307692307692 0.08653846153846154
0 0.04567307692307692 0.6418269230769231 0.07692307692307693 0.0985576923076923
1 0.08774038461538461 0.6550480769230769 0.07451923076923077 0.0985576923076923
1 0.12620192307692307 0.6646634615384616 0.07932692307692307 0.10096153846153846
0 0.16826923076923078 0.6730769230769231 0.07692307692307693 0.10576923076923077
0 0.20552884615384615 0.6814903846153846 0.07451923076923077 0.0985576923076923
1 0.24759615384615385 0.6911057692307693 0.06971153846153846 0.09134615384615384
0 0.29086538461538464 0.7067307692307693 0.06971153846153846 0.09134615384615384
0 0.33052884615384615 0.7223557692307693 0.07211538461538461 0.09615384615384616
1 0.3737980769230769 0.7283653846153846 0.06971153846153846 0.09375
0 0.41346153846153844 0.7427884615384616 0.0625 0.09615384615384616
1 0.4519230769230769 0.7560096153846154 0.0673076923076923 0.0985576923076923