0 0.7608173076923077 0.2536057692307692 0.040865384615384616 0.0673076923076923
0 0.7355769230769231 0.25721153846153844 0.038461538461538464 0.06971153846153846
0 0.7091346153846154 0.25961538461538464 0.038461538461538464 0.06971153846153846
0 0.6826923076923077 0.25961538461538464 0.040865384615384616 0.06971153846153846
0 0.6574519230769231 0.26322115384615385 0.038461538461538464 0.0673076923076923
0 0.6153846153846154 0.2620192307692308 0.036057692307692304 0.0673076923076923
0 0.5865384615384616 0.26322115384615385 0.03125 0.0625
0 0.5600961538461539 0.2668269230769231 0.028846153846153848 0.0673076923076923
0 0.5348557692307693 0.265625 0.03125 0.0673076923076923
0 0.5072115384615384 0.26802884615384615 0.03125 0.06490384615384616
0 0.48197115384615385 0.26802884615384615 0.028846153846153848 0.057692307692307696
0 0.4543269230769231 0.2692307692307692 0.03125 0.06009615384615385
0 0.4254807692307692 0.265625 0.028846153846153848 0.055288461538461536
0 0.39663461538461536 0.26802884615384615 0.03365384615384615 0.0625
0 0.36658653846153844 0.2704326923076923 0.028846153846153848 0.0625
0 0.3389423076923077 0.2704326923076923 0.03125 0.057692307692307696
0 0.3088942307692308 0.27163461538461536 0.03125 0.057692307692307696
0 0.2800480769230769 0.2692307692307692 0.03125 0.055288461538461536
0 0.24879807692307693 0.27403846153846156 0.03365384615384615 0.06009615384615385
0 0.21875 0.27163461538461536 0.03125 0.0673076923076923
0 0.19230769230769232 0.27283653846153844 0.036057692307692304 0.057692307692307696
0 0.16105769230769232 0.27283653846153844 0.040865384615384616 0.0673076923076923
0 0.8064903846153846 0.36899038461538464 0.04567307692307692 0.0625
0 0.7800480769230769 0.36899038461538464 0.04567307692307692 0.0673076923076923
0 0.7524038461538461 0.37259615384615385 0.04326923076923077 0.0673076923076923
0 0.7199519230769231 0.3737980769230769 0.04326923076923077 0.0625
0 0.6875 0.37740384615384615 0.040865384615384616 0.06490384615384616
0 0.6478365384615384 0.37740384615384615 0.038461538461538464 0.06009615384615385
0 0.6225961538461539 0.3798076923076923 0.038461538461538464 0.06490384615384616
0 0.5865384615384616 0.375 0.038461538461538464 0.0625
0 0.5600961538461539 0.3786057692307692 0.038461538461538464 0.06009615384615385
0 0.5300480769230769 0.3786057692307692 0.038461538461538464 0.0673076923076923
0 0.4987980769230769 0.3798076923076923 0.036057692307692304 0.06490384615384616
0 0.47115384615384615 0.38100961538461536 0.036057692307692304 0.0625
0 0.4387019230769231 0.38221153846153844 0.03365384615384615 0.07211538461538461
0 0.4074519230769231 0.38461538461538464 0.03365384615384615 0.0625
0 0.37740384615384615 0.38221153846153844 0.038461538461538464 0.0673076923076923
0 0.3425480769230769 0.38100961538461536 0.036057692307692304 0.07692307692307693
0 0.3088942307692308 0.3870192307692308 0.036057692307692304 0.07692307692307693
0 0.2776442307692308 0.3858173076923077 0.040865384615384616 0.07692307692307693
0 0.24519230769230768 0.38822115384615385 0.038461538461538464 0.07451923076923077
0 0.21153846153846154 0.3894230769230769 0.04326923076923077 0.07932692307692307
0 0.1778846153846154 0.3918269230769231 0.038461538461538464 0.07451923076923077
0 0.14302884615384615 0.39302884615384615 0.040865384615384616 0.06971153846153846
0 0.8305288461538461 0.43028846153846156 0.04326923076923077 0.08413461538461539
0 0.8004807692307693 0.4338942307692308 0.05048076923076923 0.08413461538461539
0 0.7728365384615384 0.43149038461538464 0.04567307692307692 0.0889423076923077
0 0.7451923076923077 0.43990384615384615 0.04567307692307692 0.08413461538461539
0 0.7127403846153846 0.43990384615384615 0.04326923076923077 0.08413461538461539
0 0.6670673076923077 0.44591346153846156 0.036057692307692304 0.0889423076923077
0 0.6346153846153846 0.44591346153846156 0.04807692307692308 0.0889423076923077
0 0.6069711538461539 0.4483173076923077 0.04326923076923077 0.08173076923076923
0 0.5721153846153846 0.44591346153846156 0.04326923076923077 0.0889423076923077
0 0.5420673076923077 0.4519230769230769 0.036057692307692304 0.07932692307692307
0 0.5084134615384616 0.4543269230769231 0.038461538461538464 0.07932692307692307
0 0.47836538461538464 0.45552884615384615 0.038461538461538464 0.07451923076923077
0 0.44350961538461536 0.4543269230769231 0.03125 0.07451923076923077
0 0.41225961538461536 0.4579326923076923 0.038461538461538464 0.07451923076923077
0 0.3798076923076923 0.45913461538461536 0.03365384615384615 0.07692307692307693
0 0.34615384615384615 0.4579326923076923 0.036057692307692304 0.07692307692307693
0 0.3112980769230769 0.46274038461538464 0.036057692307692304 0.07451923076923077
0 0.27884615384615385 0.46274038461538464 0.040865384615384616 0.06971153846153846
0 0.2439903846153846 0.4651442307692308 0.038461538461538464 0.07692307692307693
0 0.2091346153846154 0.4651442307692308 0.04567307692307692 0.07692307692307693
0 0.17548076923076922 0.46875 0.038461538461538464 0.07211538461538461
0 0.13822115384615385 0.4651442307692308 0.04807692307692308 0.07932692307692307
0 0.8954326923076923 0.5853365384615384 0.05048076923076923 0.0889423076923077
0 0.8641826923076923 0.5901442307692307 0.05048076923076923 0.08173076923076923
0 0.828125 0.5925480769230769 0.05048076923076923 0.08413461538461539
0 0.7944711538461539 0.5913461538461539 0.04807692307692308 0.08173076923076923
0 0.7620192307692307 0.5997596153846154 0.04807692307692308 0.07932692307692307
0 0.7103365384615384 0.5985576923076923 0.04567307692307692 0.07451923076923077
0 0.6730769230769231 0.5985576923076923 0.04567307692307692 0.08173076923076923
0 0.6370192307692307 0.6033653846153846 0.055288461538461536 0.09134615384615384
0 0.6045673076923077 0.6057692307692307 0.04807692307692308 0.08413461538461539
0 0.5697115384615384 0.6105769230769231 0.04807692307692308 0.08413461538461539
0 0.5360576923076923 0.6117788461538461 0.040865384615384616 0.08413461538461539
0 0.4987980769230769 0.6153846153846154 0.04326923076923077 0.09134615384615384
0 0.46274038461538464 0.6141826923076923 0.04326923076923077 0.08173076923076923
0 0.42427884615384615 0.6165865384615384 0.040865384615384616 0.09134615384615384
0 0.38822115384615385 0.6165865384615384 0.040865384615384616 0.08653846153846154
0 0.3485576923076923 0.625 0.04326923076923077 0.08653846153846154
0 0.31009615384615385 0.6286057692307693 0.04807692307692308 0.0889423076923077
0 0.27163461538461536 0.6286057692307693 0.04807692307692308 0.08653846153846154
0 0.23317307692307693 0.6310096153846154 0.04567307692307692 0.09375
0 0.19591346153846154 0.6346153846153846 0.05048076923076923 0.09615384615384616
0 0.15745192307692307 0.6322115384615384 0.04807692307692308 0.09375
0 0.11899038461538461 0.6334134615384616 0.055288461538461536 0.09375
0 0.9651442307692307 0.7043269230769231 0.06009615384615385 0.07932692307692307
0 0.9290865384615384 0.7103365384615384 0.0625 0.09134615384615384
0 0.8858173076923077 0.7127403846153846 0.06009615384615385 0.09134615384615384
1 0.8461538461538461 0.7151442307692307 0.06490384615384616 0.09375
0 0.8016826923076923 0.7163461538461539 0.06009615384615385 0.0985576923076923
0 0.7632211538461539 0.71875 0.06009615384615385 0.09375
0 0.7175480769230769 0.71875 0.057692307692307696 0.08413461538461539
0 0.671875 0.7259615384615384 0.057692307692307696 0.08413461538461539
0 0.6298076923076923 0.734375 0.057692307692307696 0.0889423076923077
0 0.5853365384615384 0.7319711538461539 0.055288461538461536 0.08653846153846154
0 0.5420673076923077 0.7367788461538461 0.04807692307692308 0.09134615384615384
0 0.5024038461538461 0.7427884615384616 0.052884615384615384 0.09134615384615384