0 0.18629807692307693 0.2620192307692308 0.04326923076923077 0.07211538461538461
0 0.2127403846153846 0.2620192307692308 0.04326923076923077 0.07451923076923077
0 0.24158653846153846 0.2608173076923077 0.040865384615384616 0.07451923076923077
0 0.2668269230769231 0.25721153846153844 0.04326923076923077 0.07451923076923077
0 0.2956730769230769 0.25721153846153844 0.040865384615384616 0.06971153846153846
0 0.33774038461538464 0.2512019230769231 0.040865384615384616 0.07211538461538461
0 0.36778846153846156 0.24879807692307693 0.03365384615384615 0.0673076923076923
0 0.3954326923076923 0.25 0.03125 0.07211538461538461
0 0.4230769230769231 0.24519230769230768 0.03365384615384615 0.07211538461538461
0 0.4519230769230769 0.2439903846153846 0.03365384615384615 0.0673076923076923
0 0.47836538461538464 0.2403846153846154 0.03125 0.06009615384615385
0 0.5072115384615384 0.23798076923076922 0.03365384615384615 0.06490384615384616
0 0.5372596153846154 0.23076923076923078 0.03125 0.06009615384615385
0 0.5673076923076923 0.22956730769230768 0.036057692307692304 0.0673076923076923
0 0.5985576923076923 0.22716346153846154 0.03125 0.0673076923076923
0 0.6274038461538461 0.22355769230769232 0.03365384615384615 0.06009615384615385
0 0.6586538461538461 0.22115384615384615 0.03365384615384615 0.06009615384615385
0 0.6887019230769231 0.21634615384615385 0.03365384615384615 0.057692307692307696
0 0.7223557692307693 0.21754807692307693 0.036057692307692304 0.0625
0 0.7536057692307693 0.21033653846153846 0.03365384615384615 0.06971153846153846
0 0.78125 0.20793269230769232 0.038461538461538464 0.06009615384615385
0 0.8125 0.203125 0.04326923076923077 0.07211538461538461
0 0.15384615384615385 0.3870192307692308 0.05048076923076923 0.0673076923076923
0 0.1814903846153846 0.38341346153846156 0.04807692307692308 0.07211538461538461
0 0.21033653846153846 0.38461538461538464 0.04567307692307692 0.07211538461538461
0 0.2439903846153846 0.38221153846153844 0.04807692307692308 0.0673076923076923
0 0.27884615384615385 0.38100961538461536 0.04326923076923077 0.06971153846153846
0 0.31971153846153844 0.37740384615384615 0.04326923076923077 0.06490384615384616
0 0.3449519230769231 0.375 0.04326923076923077 0.06971153846153846
0 0.38221153846153844 0.36658653846153844 0.040865384615384616 0.06490384615384616
0 0.4110576923076923 0.36658653846153844 0.040865384615384616 0.06490384615384616
0 0.4423076923076923 0.36177884615384615 0.04326923076923077 0.07211538461538461
0 0.47596153846153844 0.359375 0.038461538461538464 0.0673076923076923
0 0.5036057692307693 0.3581730769230769 0.038461538461538464 0.0673076923076923
0 0.5372596153846154 0.3545673076923077 0.038461538461538464 0.07692307692307693
0 0.5709134615384616 0.35336538461538464 0.036057692307692304 0.0673076923076923
0 0.6021634615384616 0.3473557692307692 0.040865384615384616 0.07211538461538461
0 0.6382211538461539 0.34134615384615385 0.038461538461538464 0.07932692307692307
0 0.6730769230769231 0.34375 0.038461538461538464 0.08173076923076923
0 0.7067307692307693 0.33653846153846156 0.04326923076923077 0.08413461538461539
0 0.7403846153846154 0.33653846153846156 0.040865384615384616 0.07692307692307693
0 0.7752403846153846 0.33413461538461536 0.04567307692307692 0.08413461538461539
0 0.8112980769230769 0.33052884615384615 0.040865384615384616 0.07932692307692307
0 0.8473557692307693 0.3293269230769231 0.04567307692307692 0.07451923076923077
0 0.1346153846153846 0.45552884615384615 0.04567307692307692 0.0889423076923077
0 0.1658653846153846 0.4543269230769231 0.052884615384615384 0.09134615384615384
0 0.19471153846153846 0.4495192307692308 0.05048076923076923 0.09375
0 0.22596153846153846 0.45552884615384615 0.05048076923076923 0.0889423076923077
0 0.25961538461538464 0.45072115384615385 0.04567307692307692 0.09134615384615384
0 0.3076923076923077 0.45072115384615385 0.038461538461538464 0.09375
0 0.3425480769230769 0.44591346153846156 0.052884615384615384 0.09375
0 0.3713942307692308 0.44471153846153844 0.04567307692307692 0.08653846153846154
0 0.40625 0.4375 0.04807692307692308 0.09375
0 0.4375 0.43990384615384615 0.038461538461538464 0.08413461538461539
0 0.4735576923076923 0.4375 0.040865384615384616 0.08413461538461539
0 0.5048076923076923 0.4375 0.040865384615384616 0.07932692307692307
0 0.5420673076923077 0.43028846153846156 0.03365384615384615 0.07932692307692307
0 0.5745192307692307 0.43149038461538464 0.040865384615384616 0.07932692307692307
0 0.6081730769230769 0.42788461538461536 0.036057692307692304 0.07932692307692307
0 0.6442307692307693 0.4206730769230769 0.038461538461538464 0.07932692307692307
0 0.6802884615384616 0.4230769230769231 0.038461538461538464 0.07932692307692307
0 0.7151442307692307 0.4182692307692308 0.04326923076923077 0.07451923076923077
0 0.7524038461538461 0.41586538461538464 0.040865384615384616 0.08173076923076923
0 0.7860576923076923 0.4110576923076923 0.04807692307692308 0.08413461538461539
0 0.8221153846153846 0.4110576923076923 0.04326923076923077 0.07692307692307693
0 0.8617788461538461 0.4026442307692308 0.05048076923076923 0.08413461538461539
0 0.08653846153846154 0.625 0.055288461538461536 0.09375
0 0.1201923076923077 0.6262019230769231 0.055288461538461536 0.08653846153846154
0 0.15865384615384615 0.625 0.052884615384615384 0.0889423076923077
0 0.19230769230769232 0.6201923076923077 0.05048076923076923 0.08653846153846154
0 0.2283653846153846 0.6237980769230769 0.05048076923076923 0.08413461538461539
0 0.2824519230769231 0.6165865384615384 0.04807692307692308 0.07932692307692307
0 0.31971153846153844 0.6117788461538461 0.05048076923076923 0.08653846153846154
0 0.359375 0.6117788461538461 0.06009615384615385 0.09615384615384616
0 0.3942307692307692 0.609375 0.05048076923076923 0.0889423076923077
0 0.43028846153846156 0.6105769230769231 0.05048076923076923 0.09134615384615384
0 0.4651442307692308 0.6069711538461539 0.04567307692307692 0.09134615384615384
0 0.5048076923076923 0.6069711538461539 0.04567307692307692 0.0985576923076923
0 0.5420673076923077 0.5997596153846154 0.04567307692307692 0.08653846153846154
0 0.5829326923076923 0.5985576923076923 0.04567307692307692 0.09615384615384616
0 0.6201923076923077 0.59375 0.04567307692307692 0.09134615384615384
0 0.6622596153846154 0.5973557692307693 0.04567307692307692 0.09134615384615384
0 0.703125 0.5961538461538461 0.05048076923076923 0.09375
0 0.7427884615384616 0.5913461538461539 0.052884615384615384 0.09134615384615384
0 0.7836538461538461 0.5877403846153846 0.05048076923076923 0.0985576923076923
0 0.8233173076923077 0.5877403846153846 0.055288461538461536 0.10336538461538461
0 0.8617788461538461 0.5805288461538461 0.05048076923076923 0.0985576923076923
0 0.9026442307692307 0.5757211538461539 0.06009615384615385 0.0985576923076923
0 0.037259615384615384 0.7572115384615384 0.04567307692307692 0.08413461538461539
0 0.06850961538461539 0.7596153846153846 0.0673076923076923 0.09615384615384616
1 0.11298076923076923 0.7584134615384616 0.06490384615384616 0.0985576923076923
1 0.15625 0.7548076923076923 0.07211538461538461 0.10096153846153846
0 0.20192307692307693 0.75 0.06490384615384616 0.10576923076923077
0 0.24278846153846154 0.7463942307692307 0.06490384615384616 0.0985576923076923
0 0.28966346153846156 0.7427884615384616 0.0625 0.09134615384615384
0 0.3389423076923077 0.7439903846153846 0.0625 0.09134615384615384
0 0.38341346153846156 0.7475961538461539 0.0625 0.09375
0 0.43028846153846156 0.7391826923076923 0.06009615384615385 0.09134615384615384
0 0.47475961538461536 0.7391826923076923 0.05048076923076923 0.09615384615384616
0 0.5180288461538461 0.7391826923076923 0.057692307692307696 0.0985576923076923