0 0.21634615384615385 0.33533653846153844 0.04567307692307692 0.06971153846153846
0 0.24158653846153846 0.33413461538461536 0.04567307692307692 0.07211538461538461
0 0.26802884615384615 0.3293269230769231 0.04326923076923077 0.07211538461538461
0 0.2932692307692308 0.32572115384615385 0.04567307692307692 0.07211538461538461
1 0.31971153846153844 0.3233173076923077 0.04326923076923077 0.06971153846153846
1 0.3605769230769231 0.31490384615384615 0.04326923076923077 0.06971153846153846
1 0.3894230769230769 0.31009615384615385 0.036057692307692304 0.06490384615384616
0 0.41586538461538464 0.3088942307692308 0.036057692307692304 0.06971153846153846
0 0.4411057692307692 0.30288461538461536 0.036057692307692304 0.06971153846153846
1 0.46875 0.3004807692307692 0.038461538461538464 0.06490384615384616
1 0.49278846153846156 0.29447115384615385 0.03365384615384615 0.057692307692307696
1 0.5204326923076923 0.29086538461538464 0.036057692307692304 0.0625
0 0.5480769230769231 0.2824519230769231 0.03365384615384615 0.057692307692307696
0 0.5769230769230769 0.27884615384615385 0.038461538461538464 0.06490384615384616
1 0.6069711538461539 0.27524038461538464 0.03365384615384615 0.06490384615384616
0 0.6334134615384616 0.2692307692307692 0.036057692307692304 0.057692307692307696
1 0.6622596153846154 0.2644230769230769 0.036057692307692304 0.057692307692307696
1 0.6923076923076923 0.25841346153846156 0.03365384615384615 0.055288461538461536
1 0.7235576923076923 0.25600961538461536 0.038461538461538464 0.0625
0 0.7524038461538461 0.24879807692307693 0.038461538461538464 0.0673076923076923
0 0.7788461538461539 0.24519230769230768 0.040865384615384616 0.06009615384615385
1 0.8076923076923077 0.23677884615384615 0.04567307692307692 0.06971153846153846
1 0.1935096153846154 0.45552884615384615 0.05048076923076923 0.0673076923076923
0 0.21995192307692307 0.45072115384615385 0.052884615384615384 0.06971153846153846
1 0.24759615384615385 0.4483173076923077 0.04807692307692308 0.07211538461538461
0 0.2800480769230769 0.44350961538461536 0.04807692307692308 0.06490384615384616
1 0.3125 0.4411057692307692 0.04567307692307692 0.0673076923076923
1 0.34975961538461536 0.43509615384615385 0.04326923076923077 0.0625
0 0.3762019230769231 0.43028846153846156 0.04326923076923077 0.0673076923076923
1 0.4098557692307692 0.4206730769230769 0.04326923076923077 0.06490384615384616
1 0.4375 0.41947115384615385 0.04326923076923077 0.0625
0 0.4675480769230769 0.41225961538461536 0.04567307692307692 0.06971153846153846
0 0.49759615384615385 0.4074519230769231 0.040865384615384616 0.0673076923076923
0 0.5252403846153846 0.40384615384615385 0.040865384615384616 0.06490384615384616
0 0.5564903846153846 0.39903846153846156 0.038461538461538464 0.07211538461538461
1 0.5889423076923077 0.3954326923076923 0.038461538461538464 0.06490384615384616
0 0.6177884615384616 0.3870192307692308 0.04567307692307692 0.06971153846153846
0 0.6514423076923077 0.3786057692307692 0.040865384615384616 0.07932692307692307
1 0.6850961538461539 0.3798076923076923 0.04326923076923077 0.07932692307692307
0 0.7163461538461539 0.3701923076923077 0.04807692307692308 0.07932692307692307
0 0.7487980769230769 0.36778846153846156 0.04326923076923077 0.07692307692307693
0 0.78125 0.3629807692307692 0.04807692307692308 0.08173076923076923
0 0.8149038461538461 0.3581730769230769 0.04567307692307692 0.07692307692307693
0 0.8485576923076923 0.35336538461538464 0.04807692307692308 0.07211538461538461
1 0.1814903846153846 0.5204326923076923 0.05048076923076923 0.08653846153846154
1 0.21033653846153846 0.5192307692307693 0.057692307692307696 0.0889423076923077
1 0.23798076923076922 0.5108173076923077 0.052884615384615384 0.09134615384615384
1 0.26802884615384615 0.5144230769230769 0.052884615384615384 0.08653846153846154
1 0.2980769230769231 0.5072115384615384 0.05048076923076923 0.08653846153846154
1 0.3449519230769231 0.5048076923076923 0.04326923076923077 0.09134615384615384
1 0.37740384615384615 0.4987980769230769 0.055288461538461536 0.09134615384615384
1 0.4050480769230769 0.4963942307692308 0.05048076923076923 0.08413461538461539
1 0.4375 0.48677884615384615 0.05048076923076923 0.09134615384615384
1 0.46875 0.48677884615384615 0.040865384615384616 0.07932692307692307
0 0.5024038461538461 0.4831730769230769 0.04326923076923077 0.08173076923076923
1 0.5324519230769231 0.47836538461538464 0.04326923076923077 0.07692307692307693
1 0.5661057692307693 0.47115384615384615 0.038461538461538464 0.07692307692307693
1 0.5973557692307693 0.4675480769230769 0.04326923076923077 0.07692307692307693
1 0.6286057692307693 0.4639423076923077 0.040865384615384616 0.07692307692307693
1 0.6622596153846154 0.45552884615384615 0.04326923076923077 0.07932692307692307
1 0.6971153846153846 0.4543269230769231 0.04326923076923077 0.07692307692307693
1 0.7295673076923077 0.44711538461538464 0.04567307692307692 0.07211538461538461
1 0.7644230769230769 0.44350961538461536 0.04326923076923077 0.07932692307692307
1 0.796875 0.4362980769230769 0.05048076923076923 0.08173076923076923
1 0.8317307692307693 0.4338942307692308 0.04567307692307692 0.07451923076923077
1 0.8677884615384616 0.4230769230769231 0.052884615384615384 0.08173076923076923
1 0.14783653846153846 0.6850961538461539 0.057692307692307696 0.09134615384615384
1 0.1778846153846154 0.6838942307692307 0.057692307692307696 0.08653846153846154
1 0.21394230769230768 0.6802884615384616 0.057692307692307696 0.08653846153846154
1 0.24759615384615385 0.6730769230769231 0.052884615384615384 0.08653846153846154
1 0.2800480769230769 0.6742788461538461 0.052884615384615384 0.08173076923076923
1 0.3329326923076923 0.6634615384615384 0.05048076923076923 0.07932692307692307
1 0.36778846153846156 0.65625 0.052884615384615384 0.08653846153846154
1 0.40384615384615385 0.6538461538461539 0.0625 0.09375
1 0.4375 0.6490384615384616 0.055288461538461536 0.08653846153846154
1 0.4723557692307692 0.6478365384615384 0.055288461538461536 0.0889423076923077
1 0.5060096153846154 0.6430288461538461 0.04807692307692308 0.08653846153846154
1 0.5420673076923077 0.6394230769230769 0.05048076923076923 0.09375
1 0.5769230769230769 0.6310096153846154 0.05048076923076923 0.08413461538461539
1 0.6165865384615384 0.6274038461538461 0.04807692307692308 0.09375
1 0.6514423076923077 0.6189903846153846 0.04807692307692308 0.0889423076923077
1 0.6899038461538461 0.6201923076923077 0.05048076923076923 0.0889423076923077
1 0.7283653846153846 0.6165865384615384 0.055288461538461536 0.09134615384615384
0 0.7668269230769231 0.609375 0.055288461538461536 0.0889423076923077
0 0.8052884615384616 0.6021634615384616 0.055288461538461536 0.09615384615384616
1 0.8425480769230769 0.6009615384615384 0.057692307692307696 0.10096153846153846
0 0.8798076923076923 0.5913461538461539 0.055288461538461536 0.09615384615384616
1 0.9182692307692307 0.5829326923076923 0.0625 0.09615384615384616
0 0.09975961538461539 0.8149038461538461 0.06490384615384616 0.08413461538461539
0 0.13822115384615385 0.8125 0.06971153846153846 0.09375
1 0.18028846153846154 0.8088942307692307 0.0673076923076923 0.09615384615384616
1 0.22115384615384615 0.8040865384615384 0.07451923076923077 0.0985576923076923
0 0.2644230769230769 0.7956730769230769 0.0673076923076923 0.10336538461538461
0 0.30288461538461536 0.7896634615384616 0.0673076923076923 0.09615384615384616
1 0.34615384615384615 0.7824519230769231 0.06490384615384616 0.0889423076923077
0 0.3942307692307692 0.78125 0.06490384615384616 0.0889423076923077
0 0.4362980769230769 0.78125 0.06490384615384616 0.09375
1 0.4795673076923077 0.7704326923076923 0.0625 0.09134615384615384
0 0.5228365384615384 0.7668269230769231 0.055288461538461536 0.09375
1 0.5637019230769231 0.765625 0.06009615384615385 0.09615384615384616