0 0.7956730769230769 0.3173076923076923 0.04326923076923077 0.0673076923076923
0 0.7704326923076923 0.3173076923076923 0.04326923076923077 0.06971153846153846
0 0.7439903846153846 0.3137019230769231 0.040865384615384616 0.06971153846153846
0 0.71875 0.31009615384615385 0.04326923076923077 0.06971153846153846
0 0.6947115384615384 0.3088942307692308 0.040865384615384616 0.0673076923076923
0 0.6538461538461539 0.3016826923076923 0.040865384615384616 0.0673076923076923
0 0.625 0.29927884615384615 0.03365384615384615 0.06490384615384616
0 0.5985576923076923 0.29927884615384615 0.03365384615384615 0.0673076923076923
0 0.5745192307692307 0.29447115384615385 0.03365384615384615 0.0673076923076923
0 0.546875 0.2920673076923077 0.036057692307692304 0.06490384615384616
0 0.5228365384615384 0.28725961538461536 0.03125 0.057692307692307696
0 0.4963942307692308 0.2848557692307692 0.03125 0.06009615384615385
0 0.4675480769230769 0.2764423076923077 0.03125 0.055288461538461536
0 0.4387019230769231 0.27403846153846156 0.036057692307692304 0.06490384615384616
0 0.4110576923076923 0.2704326923076923 0.03125 0.0625
0 0.38341346153846156 0.2668269230769231 0.03365384615384615 0.057692307692307696
0 0.3545673076923077 0.26322115384615385 0.03365384615384615 0.057692307692307696
0 0.32572115384615385 0.25841346153846156 0.03365384615384615 0.055288461538461536
0 0.29447115384615385 0.25721153846153844 0.036057692307692304 0.06009615384615385
0 0.2668269230769231 0.2512019230769231 0.036057692307692304 0.0673076923076923
0 0.2403846153846154 0.24759615384615385 0.036057692307692304 0.057692307692307696
0 0.21033653846153846 0.24158653846153846 0.04326923076923077 0.0673076923076923
0 0.8221153846153846 0.43509615384615385 0.05048076923076923 0.06490384615384616
0 0.7956730769230769 0.43028846153846156 0.04807692307692308 0.0673076923076923
0 0.7692307692307693 0.43028846153846156 0.04567307692307692 0.06971153846153846
0 0.7367788461538461 0.4266826923076923 0.04567307692307692 0.0625
0 0.7043269230769231 0.42427884615384615 0.04326923076923077 0.06490384615384616
0 0.6682692307692307 0.4206730769230769 0.040865384615384616 0.06009615384615385
0 0.6430288461538461 0.4170673076923077 0.04326923076923077 0.06490384615384616
0 0.609375 0.4074519230769231 0.038461538461538464 0.0625
0 0.5805288461538461 0.4074519230769231 0.038461538461538464 0.06009615384615385
0 0.5528846153846154 0.4026442307692308 0.04326923076923077 0.0673076923076923
0 0.5216346153846154 0.39783653846153844 0.038461538461538464 0.06490384615384616
0 0.4951923076923077 0.39663461538461536 0.038461538461538464 0.06490384615384616
0 0.46274038461538464 0.3918269230769231 0.036057692307692304 0.07211538461538461
0 0.4326923076923077 0.390625 0.036057692307692304 0.06490384615384616
0 0.40384615384615385 0.38341346153846156 0.040865384615384616 0.0673076923076923
0 0.36899038461538464 0.375 0.038461538461538464 0.07692307692307693
0 0.33653846153846156 0.3762019230769231 0.038461538461538464 0.07692307692307693
0 0.30528846153846156 0.3701923076923077 0.04326923076923077 0.07692307692307693
0 0.27403846153846156 0.36899038461538464 0.040865384615384616 0.07451923076923077
0 0.24158653846153846 0.36538461538461536 0.04567307692307692 0.07932692307692307
0 0.20793269230769232 0.3605769230769231 0.040865384615384616 0.07451923076923077
0 0.17427884615384615 0.3581730769230769 0.04326923076923077 0.06971153846153846
0 0.8377403846153846 0.4987980769230769 0.04567307692307692 0.08413461538461539
0 0.8088942307692307 0.4987980769230769 0.052884615384615384 0.08653846153846154
0 0.7800480769230769 0.49038461538461536 0.05048076923076923 0.0889423076923077
0 0.7512019230769231 0.4963942307692308 0.04807692307692308 0.08413461538461539
0 0.7211538461538461 0.49038461538461536 0.04567307692307692 0.08413461538461539
0 0.6754807692307693 0.4891826923076923 0.040865384615384616 0.0889423076923077
0 0.6442307692307693 0.4831730769230769 0.052884615384615384 0.0889423076923077
0 0.6153846153846154 0.48197115384615385 0.04567307692307692 0.08173076923076923
0 0.5841346153846154 0.47475961538461536 0.04807692307692308 0.0889423076923077
0 0.5528846153846154 0.47596153846153844 0.038461538461538464 0.07932692307692307
0 0.5204326923076923 0.4723557692307692 0.040865384615384616 0.07932692307692307
0 0.49038461538461536 0.4699519230769231 0.040865384615384616 0.07451923076923077
0 0.4567307692307692 0.4639423076923077 0.03365384615384615 0.07451923076923077
0 0.4266826923076923 0.46153846153846156 0.040865384615384616 0.07451923076923077
0 0.3942307692307692 0.4579326923076923 0.036057692307692304 0.07692307692307693
0 0.36177884615384615 0.4519230769230769 0.038461538461538464 0.07692307692307693
0 0.3269230769230769 0.4519230769230769 0.038461538461538464 0.07451923076923077
0 0.2956730769230769 0.44591346153846156 0.04326923076923077 0.06971153846153846
0 0.2608173076923077 0.44350961538461536 0.040865384615384616 0.07692307692307693
0 0.2283653846153846 0.4362980769230769 0.04807692307692308 0.07932692307692307
0 0.1935096153846154 0.4362980769230769 0.04326923076923077 0.07211538461538461
0 0.15865384615384615 0.4254807692307692 0.05048076923076923 0.07932692307692307
0 0.8762019230769231 0.6598557692307693 0.055288461538461536 0.0889423076923077
0 0.8461538461538461 0.6598557692307693 0.052884615384615384 0.08413461538461539
0 0.8100961538461539 0.6574519230769231 0.052884615384615384 0.08413461538461539
0 0.7776442307692307 0.6514423076923077 0.05048076923076923 0.08413461538461539
0 0.7439903846153846 0.6538461538461539 0.05048076923076923 0.07932692307692307
0 0.6923076923076923 0.6442307692307693 0.04807692307692308 0.07692307692307693
0 0.6586538461538461 0.6382211538461539 0.04807692307692308 0.08413461538461539
0 0.6225961538461539 0.6382211538461539 0.057692307692307696 0.09134615384615384
0 0.5901442307692307 0.6346153846153846 0.05048076923076923 0.08413461538461539
0 0.5552884615384616 0.6346153846153846 0.05048076923076923 0.08653846153846154
0 0.5228365384615384 0.6310096153846154 0.04326923076923077 0.08413461538461539
0 0.48677884615384615 0.6286057692307693 0.04567307692307692 0.09134615384615384
0 0.45072115384615385 0.6213942307692307 0.04567307692307692 0.08173076923076923
0 0.41346153846153844 0.6189903846153846 0.04567307692307692 0.09134615384615384
0 0.3786057692307692 0.6129807692307693 0.04567307692307692 0.08653846153846154
0 0.3389423076923077 0.6153846153846154 0.04567307692307692 0.08653846153846154
0 0.3004807692307692 0.6117788461538461 0.05048076923076923 0.0889423076923077
0 0.2644230769230769 0.6069711538461539 0.052884615384615384 0.08653846153846154
0 0.22596153846153846 0.6021634615384616 0.05048076923076923 0.09375
0 0.18870192307692307 0.5997596153846154 0.055288461538461536 0.0985576923076923
0 0.15144230769230768 0.5925480769230769 0.05048076923076923 0.09375
0 0.1141826923076923 0.5865384615384616 0.057692307692307696 0.09375
0 0.9266826923076923 0.7860576923076923 0.0625 0.08173076923076923
0 0.8894230769230769 0.7860576923076923 0.06490384615384616 0.09134615384615384
1 0.8473557692307693 0.7824519230769231 0.06490384615384616 0.09375
1 0.8076923076923077 0.7788461538461539 0.06971153846153846 0.09615384615384616
0 0.7644230769230769 0.7728365384615384 0.06490384615384616 0.10096153846153846
0 0.7271634615384616 0.7692307692307693 0.0625 0.09375
1 0.6826923076923077 0.7632211538461539 0.06009615384615385 0.08653846153846154
0 0.6370192307692307 0.7620192307692307 0.06009615384615385 0.08653846153846154
0 0.5949519230769231 0.7644230769230769 0.0625 0.09134615384615384
0 0.5516826923076923 0.7548076923076923 0.057692307692307696 0.0889423076923077
0 0.5096153846153846 0.7536057692307693 0.05048076923076923 0.09134615384615384
0 0.46875 0.7524038461538461 0.055288461538461536 0.09375