0 0.7596153846153846 0.234375 0.05048076923076923 0.07451923076923077
0 0.734375 0.24278846153846154 0.052884615384615384 0.07932692307692307
0 0.7067307692307693 0.24879807692307693 0.05048076923076923 0.07692307692307693
0 0.6802884615384616 0.25240384615384615 0.052884615384615384 0.07932692307692307
0 0.6538461538461539 0.2608173076923077 0.04807692307692308 0.07451923076923077
0 0.6105769230769231 0.2668269230769231 0.04807692307692308 0.07451923076923077
0 0.5817307692307693 0.27283653846153844 0.04326923076923077 0.06971153846153846
0 0.5540865384615384 0.28125 0.040865384615384616 0.07211538461538461
0 0.5276442307692307 0.28365384615384615 0.04326923076923077 0.07211538461538461
0 0.5 0.29086538461538464 0.04326923076923077 0.06971153846153846
0 0.4735576923076923 0.29447115384615385 0.038461538461538464 0.0625
0 0.44471153846153844 0.3004807692307692 0.040865384615384616 0.06490384615384616
0 0.41466346153846156 0.3016826923076923 0.038461538461538464 0.06009615384615385
0 0.3858173076923077 0.3076923076923077 0.04326923076923077 0.06971153846153846
0 0.3545673076923077 0.31490384615384615 0.038461538461538464 0.06971153846153846
0 0.3269230769230769 0.31971153846153844 0.040865384615384616 0.06490384615384616
0 0.2956730769230769 0.32572115384615385 0.040865384615384616 0.06490384615384616
0 0.265625 0.3293269230769231 0.040865384615384616 0.06009615384615385
0 0.234375 0.3389423076923077 0.04326923076923077 0.06490384615384616
0 0.20192307692307693 0.34134615384615385 0.04326923076923077 0.07211538461538461
0 0.17548076923076922 0.34615384615384615 0.04567307692307692 0.06490384615384616
0 0.14423076923076922 0.35096153846153844 0.05048076923076923 0.07451923076923077
0 0.8245192307692307 0.34615384615384615 0.057692307692307696 0.07211538461538461
0 0.796875 0.34975961538461536 0.057692307692307696 0.07451923076923077
0 0.7692307692307693 0.3581730769230769 0.055288461538461536 0.07451923076923077
0 0.7367788461538461 0.36538461538461536 0.055288461538461536 0.06971153846153846
0 0.7043269230769231 0.3737980769230769 0.052884615384615384 0.07211538461538461
0 0.6634615384615384 0.38100961538461536 0.05048076923076923 0.0673076923076923
0 0.6382211538461539 0.3858173076923077 0.05048076923076923 0.07211538461538461
0 0.5997596153846154 0.38822115384615385 0.04807692307692308 0.06971153846153846
0 0.5721153846153846 0.39663461538461536 0.04807692307692308 0.0673076923076923
0 0.5420673076923077 0.4014423076923077 0.05048076923076923 0.07451923076923077
0 0.5096153846153846 0.4074519230769231 0.04807692307692308 0.07211538461538461
0 0.48197115384615385 0.41466346153846156 0.04567307692307692 0.06971153846153846
0 0.4483173076923077 0.41947115384615385 0.04807692307692308 0.07932692307692307
0 0.4170673076923077 0.42788461538461536 0.04567307692307692 0.06971153846153846
0 0.38461538461538464 0.43149038461538464 0.05048076923076923 0.07451923076923077
0 0.3473557692307692 0.4338942307692308 0.04807692307692308 0.08413461538461539
0 0.31490384615384615 0.44591346153846156 0.05048076923076923 0.08413461538461539
0 0.2824519230769231 0.4495192307692308 0.055288461538461536 0.08653846153846154
0 0.24879807692307693 0.45913461538461536 0.05048076923076923 0.07932692307692307
0 0.21514423076923078 0.46634615384615385 0.057692307692307696 0.08653846153846154
0 0.17908653846153846 0.4723557692307692 0.05048076923076923 0.08173076923076923
0 0.14543269230769232 0.4807692307692308 0.052884615384615384 0.07932692307692307
0 0.8605769230769231 0.40625 0.057692307692307696 0.09134615384615384
0 0.8305288461538461 0.41466346153846156 0.06490384615384616 0.09375
0 0.8016826923076923 0.41586538461538464 0.06009615384615385 0.09615384615384616
0 0.7740384615384616 0.43028846153846156 0.06009615384615385 0.09134615384615384
0 0.7403846153846154 0.43509615384615385 0.057692307692307696 0.09375
0 0.6947115384615384 0.4483173076923077 0.05048076923076923 0.09615384615384616
0 0.6610576923076923 0.453125 0.0625 0.0985576923076923
0 0.6322115384615384 0.46033653846153844 0.057692307692307696 0.09134615384615384
0 0.5973557692307693 0.4651442307692308 0.057692307692307696 0.09615384615384616
0 0.5673076923076923 0.47475961538461536 0.04807692307692308 0.08653846153846154
0 0.53125 0.48197115384615385 0.05048076923076923 0.08653846153846154
0 0.5012019230769231 0.49038461538461536 0.05048076923076923 0.08173076923076923
0 0.4651442307692308 0.49399038461538464 0.04326923076923077 0.08173076923076923
0 0.4338942307692308 0.5024038461538461 0.05048076923076923 0.08173076923076923
0 0.4014423076923077 0.5084134615384616 0.04567307692307692 0.08173076923076923
0 0.36538461538461536 0.5144230769230769 0.04807692307692308 0.08413461538461539
0 0.33052884615384615 0.5252403846153846 0.04807692307692308 0.08173076923076923
0 0.296875 0.5300480769230769 0.052884615384615384 0.07932692307692307
0 0.2608173076923077 0.5372596153846154 0.05048076923076923 0.08413461538461539
0 0.2247596153846154 0.5420673076923077 0.057692307692307696 0.08653846153846154
0 0.18990384615384615 0.5528846153846154 0.052884615384615384 0.07932692307692307
0 0.15144230769230768 0.5540865384615384 0.0625 0.0889423076923077
0 0.953125 0.5564903846153846 0.0673076923076923 0.0985576923076923
0 0.9230769230769231 0.5649038461538461 0.06490384615384616 0.09134615384615384
0 0.8858173076923077 0.5745192307692307 0.06490384615384616 0.09375
0 0.8509615384615384 0.5793269230769231 0.06009615384615385 0.09134615384615384
0 0.8185096153846154 0.5925480769230769 0.0625 0.0889423076923077
0 0.7632211538461539 0.5997596153846154 0.057692307692307696 0.08413461538461539
0 0.7259615384615384 0.6057692307692307 0.06009615384615385 0.09134615384615384
0 0.6899038461538461 0.6165865384615384 0.06971153846153846 0.10096153846153846
0 0.6550480769230769 0.6237980769230769 0.06009615384615385 0.09375
0 0.6213942307692307 0.6358173076923077 0.0625 0.09375
0 0.5865384615384616 0.6418269230769231 0.055288461538461536 0.09375
0 0.5492788461538461 0.6514423076923077 0.057692307692307696 0.10096153846153846
0 0.5108173076923077 0.65625 0.057692307692307696 0.09134615384615384
0 0.4723557692307692 0.6658653846153846 0.057692307692307696 0.0985576923076923
0 0.4338942307692308 0.6706730769230769 0.055288461538461536 0.09615384615384616
0 0.3954326923076923 0.6850961538461539 0.057692307692307696 0.09615384615384616
0 0.35697115384615385 0.6959134615384616 0.0625 0.0985576923076923
0 0.3173076923076923 0.7019230769230769 0.0625 0.09615384615384616
0 0.2776442307692308 0.7091346153846154 0.0625 0.10336538461538461
0 0.23918269230769232 0.7211538461538461 0.0673076923076923 0.10576923076923077
0 0.19951923076923078 0.7247596153846154 0.0625 0.10336538461538461
0 0.15985576923076922 0.7307692307692307 0.06971153846153846 0.10336538461538461
0 0.984375 0.6778846153846154 0.03125 0.10096153846153846
0 0.9627403846153846 0.6887019230769231 0.07451923076923077 0.10336538461538461
1 0.9230769230769231 0.6983173076923077 0.08173076923076923 0.10817307692307693
0 0.8774038461538461 0.7055288461538461 0.07692307692307693 0.11057692307692307
0 0.8377403846153846 0.7139423076923077 0.07692307692307693 0.10576923076923077
0 0.7920673076923077 0.7235576923076923 0.07211538461538461 0.09615384615384616
0 0.7451923076923077 0.7367788461538461 0.07211538461538461 0.09615384615384616
0 0.703125 0.7524038461538461 0.07211538461538461 0.0985576923076923
0 0.65625 0.7584134615384616 0.06971153846153846 0.0985576923076923
0 0.6141826923076923 0.7704326923076923 0.0625 0.10096153846153846
0 0.5721153846153846 0.7836538461538461 0.0673076923076923 0.10336538461538461