0 0.7836538461538461 0.2800480769230769 0.038461538461538464 0.06490384615384616
0 0.7584134615384616 0.2824519230769231 0.036057692307692304 0.06971153846153846
0 0.7307692307692307 0.2824519230769231 0.03365384615384615 0.06971153846153846
0 0.7055288461538461 0.28125 0.038461538461538464 0.06971153846153846
1 0.6790865384615384 0.28365384615384615 0.03365384615384615 0.06490384615384616
1 0.6370192307692307 0.2800480769230769 0.03365384615384615 0.0673076923076923
1 0.6081730769230769 0.2800480769230769 0.028846153846153848 0.0625
0 0.5817307692307693 0.2824519230769231 0.026442307692307692 0.0673076923076923
0 0.5564903846153846 0.2800480769230769 0.028846153846153848 0.0673076923076923
1 0.5288461538461539 0.28125 0.028846153846153848 0.0625
0 0.5024038461538461 0.27884615384615385 0.026442307692307692 0.057692307692307696
1 0.47475961538461536 0.27884615384615385 0.028846153846153848 0.057692307692307696
0 0.44591346153846156 0.27403846153846156 0.026442307692307692 0.055288461538461536
0 0.4170673076923077 0.27403846153846156 0.028846153846153848 0.0625
1 0.3870192307692308 0.27403846153846156 0.026442307692307692 0.0625
0 0.359375 0.27283653846153844 0.028846153846153848 0.057692307692307696
1 0.3293269230769231 0.27283653846153844 0.028846153846153848 0.057692307692307696
1 0.3004807692307692 0.2704326923076923 0.028846153846153848 0.052884615384615384
1 0.2692307692307692 0.27283653846153844 0.03125 0.057692307692307696
0 0.23798076923076922 0.2692307692307692 0.028846153846153848 0.06490384615384616
1 0.21153846153846154 0.2692307692307692 0.03365384615384615 0.057692307692307696
1 0.18028846153846154 0.265625 0.038461538461538464 0.06490384615384616
0 0.8221153846153846 0.39663461538461536 0.04326923076923077 0.0625
0 0.7956730769230769 0.3954326923076923 0.04326923076923077 0.06490384615384616
1 0.7692307692307693 0.39783653846153844 0.038461538461538464 0.0673076923076923
0 0.7355769230769231 0.39783653846153844 0.040865384615384616 0.06009615384615385
1 0.703125 0.39903846153846156 0.038461538461538464 0.0625
1 0.6646634615384616 0.39783653846153844 0.036057692307692304 0.057692307692307696
0 0.6382211538461539 0.39783653846153844 0.036057692307692304 0.0625
1 0.6021634615384616 0.3918269230769231 0.03365384615384615 0.06009615384615385
0 0.5745192307692307 0.3942307692307692 0.03365384615384615 0.057692307692307696
0 0.5444711538461539 0.39302884615384615 0.036057692307692304 0.06490384615384616
0 0.5132211538461539 0.3918269230769231 0.03365384615384615 0.0625
0 0.48677884615384615 0.39302884615384615 0.03365384615384615 0.0625
0 0.4543269230769231 0.390625 0.03125 0.07211538461538461
1 0.421875 0.39302884615384615 0.03125 0.0625
0 0.3918269230769231 0.3894230769230769 0.036057692307692304 0.0673076923076923
0 0.3557692307692308 0.38461538461538464 0.03125 0.07451923076923077
1 0.3233173076923077 0.3894230769230769 0.03365384615384615 0.07692307692307693
0 0.2920673076923077 0.3858173076923077 0.038461538461538464 0.07692307692307693
0 0.25841346153846156 0.3870192307692308 0.03365384615384615 0.07211538461538461
0 0.2247596153846154 0.3870192307692308 0.038461538461538464 0.07692307692307693
0 0.19110576923076922 0.3870192307692308 0.03365384615384615 0.07211538461538461
0 0.15625 0.3870192307692308 0.038461538461538464 0.06971153846153846
1 0.8449519230769231 0.46033653846153844 0.038461538461538464 0.08173076923076923
1 0.8149038461538461 0.46274038461538464 0.04567307692307692 0.08413461538461539
1 0.7860576923076923 0.4579326923076923 0.040865384615384616 0.08653846153846154
1 0.7572115384615384 0.46634615384615385 0.04326923076923077 0.08173076923076923
1 0.7259615384615384 0.4639423076923077 0.038461538461538464 0.08413461538461539
1 0.6790865384615384 0.4675480769230769 0.03125 0.08653846153846154
1 0.6466346153846154 0.4651442307692308 0.04326923076923077 0.08653846153846154
1 0.6177884615384616 0.46634615384615385 0.038461538461538464 0.08173076923076923
1 0.5841346153846154 0.46274038461538464 0.038461538461538464 0.08653846153846154
1 0.5540865384615384 0.46634615384615385 0.03125 0.07692307692307693
1 0.5192307692307693 0.46634615384615385 0.03365384615384615 0.07692307692307693
1 0.4891826923076923 0.4675480769230769 0.03365384615384615 0.07211538461538461
1 0.4543269230769231 0.4651442307692308 0.028846153846153848 0.07211538461538461
1 0.4230769230769231 0.46634615384615385 0.03365384615384615 0.07211538461538461
1 0.390625 0.4651442307692308 0.028846153846153848 0.07451923076923077
1 0.35697115384615385 0.46274038461538464 0.03365384615384615 0.07451923076923077
0 0.32211538461538464 0.46634615384615385 0.03365384615384615 0.07211538461538461
0 0.28966346153846156 0.4639423076923077 0.038461538461538464 0.06971153846153846
1 0.2536057692307692 0.4651442307692308 0.03365384615384615 0.07692307692307693
1 0.21995192307692307 0.46153846153846156 0.040865384615384616 0.07692307692307693
1 0.18509615384615385 0.4651442307692308 0.036057692307692304 0.07211538461538461
1 0.14783653846153846 0.4579326923076923 0.04326923076923077 0.07692307692307693
1 0.9014423076923077 0.6201923076923077 0.04807692307692308 0.08653846153846154
1 0.8701923076923077 0.6225961538461539 0.04807692307692308 0.08173076923076923
1 0.8329326923076923 0.6237980769230769 0.04567307692307692 0.08173076923076923
1 0.8004807692307693 0.6213942307692307 0.04326923076923077 0.08173076923076923
1 0.7668269230769231 0.6262019230769231 0.04326923076923077 0.07692307692307693
1 0.7139423076923077 0.6237980769230769 0.040865384615384616 0.07211538461538461
1 0.6778846153846154 0.6213942307692307 0.04326923076923077 0.08173076923076923
1 0.640625 0.625 0.05048076923076923 0.08653846153846154
1 0.6069711538461539 0.625 0.04326923076923077 0.08173076923076923
1 0.5721153846153846 0.6286057692307693 0.04326923076923077 0.08413461538461539
1 0.5384615384615384 0.6262019230769231 0.038461538461538464 0.08413461538461539
1 0.5024038461538461 0.6286057692307693 0.038461538461538464 0.09134615384615384
1 0.46634615384615385 0.625 0.038461538461538464 0.08173076923076923
1 0.4266826923076923 0.6262019230769231 0.038461538461538464 0.0889423076923077
1 0.390625 0.625 0.038461538461538464 0.08653846153846154
1 0.35096153846153844 0.6298076923076923 0.038461538461538464 0.08653846153846154
1 0.3125 0.6322115384615384 0.04326923076923077 0.08653846153846154
0 0.27403846153846156 0.6298076923076923 0.04326923076923077 0.08653846153846154
1 0.23557692307692307 0.6298076923076923 0.04326923076923077 0.09134615384615384
1 0.1971153846153846 0.6322115384615384 0.04567307692307692 0.09615384615384616
0 0.15865384615384615 0.6286057692307693 0.04326923076923077 0.09134615384615384
1 0.1201923076923077 0.6262019230769231 0.05048076923076923 0.09134615384615384
1 0.9663461538461539 0.7415865384615384 0.055288461538461536 0.07692307692307693
0 0.9278846153846154 0.7451923076923077 0.057692307692307696 0.08653846153846154
1 0.8846153846153846 0.7475961538461539 0.057692307692307696 0.0889423076923077
1 0.8449519230769231 0.7475961538461539 0.0625 0.09134615384615384
0 0.8004807692307693 0.7451923076923077 0.057692307692307696 0.09615384615384616
0 0.7608173076923077 0.7451923076923077 0.055288461538461536 0.09134615384615384
1 0.7163461538461539 0.7439903846153846 0.052884615384615384 0.08173076923076923
0 0.6694711538461539 0.7487980769230769 0.052884615384615384 0.08173076923076923
0 0.6274038461538461 0.7548076923076923 0.052884615384615384 0.08653846153846154
1 0.5817307692307693 0.75 0.05048076923076923 0.08653846153846154
0 0.5396634615384616 0.7536057692307693 0.04326923076923077 0.0889423076923077
1 0.49759615384615385 0.7572115384615384 0.04807692307692308 0.09134615384615384