0 0.2283653846153846 0.2920673076923077 0.036057692307692304 0.0625
0 0.2536057692307692 0.29447115384615385 0.036057692307692304 0.0673076923076923
0 0.2800480769230769 0.2932692307692308 0.03365384615384615 0.0673076923076923
0 0.30408653846153844 0.29086538461538464 0.036057692307692304 0.0673076923076923
0 0.33052884615384615 0.2920673076923077 0.03365384615384615 0.0625
0 0.3701923076923077 0.28846153846153844 0.03365384615384615 0.06490384615384616
0 0.39903846153846156 0.28846153846153844 0.028846153846153848 0.06009615384615385
0 0.42427884615384615 0.29086538461538464 0.026442307692307692 0.06490384615384616
0 0.4495192307692308 0.28725961538461536 0.026442307692307692 0.06490384615384616
1 0.47596153846153844 0.28725961538461536 0.028846153846153848 0.0625
0 0.5012019230769231 0.2860576923076923 0.026442307692307692 0.055288461538461536
1 0.5276442307692307 0.2860576923076923 0.026442307692307692 0.057692307692307696
0 0.5564903846153846 0.2800480769230769 0.026442307692307692 0.052884615384615384
0 0.5841346153846154 0.2800480769230769 0.028846153846153848 0.06009615384615385
0 0.6129807692307693 0.27884615384615385 0.026442307692307692 0.06009615384615385
0 0.6394230769230769 0.2776442307692308 0.028846153846153848 0.055288461538461536
1 0.6694711538461539 0.2776442307692308 0.028846153846153848 0.055288461538461536
1 0.6971153846153846 0.27403846153846156 0.028846153846153848 0.052884615384615384
1 0.7283653846153846 0.27524038461538464 0.03125 0.055288461538461536
0 0.7572115384615384 0.2704326923076923 0.028846153846153848 0.0625
0 0.7836538461538461 0.2704326923076923 0.03125 0.055288461538461536
1 0.8137019230769231 0.2668269230769231 0.036057692307692304 0.0625
0 0.1935096153846154 0.4050480769230769 0.04326923076923077 0.06009615384615385
0 0.21875 0.40384615384615385 0.04326923076923077 0.0625
1 0.24519230769230768 0.4050480769230769 0.038461538461538464 0.06490384615384616
0 0.2776442307692308 0.40384615384615385 0.040865384615384616 0.06009615384615385
1 0.3088942307692308 0.40625 0.038461538461538464 0.0625
1 0.34615384615384615 0.40384615384615385 0.036057692307692304 0.057692307692307696
1 0.3713942307692308 0.4026442307692308 0.036057692307692304 0.0625
1 0.4050480769230769 0.39663461538461536 0.03365384615384615 0.06009615384615385
0 0.4326923076923077 0.39903846153846156 0.03365384615384615 0.057692307692307696
0 0.46153846153846156 0.39663461538461536 0.036057692307692304 0.0625
0 0.49158653846153844 0.3954326923076923 0.03365384615384615 0.0625
0 0.5180288461538461 0.3954326923076923 0.03125 0.06009615384615385
0 0.5492788461538461 0.39302884615384615 0.03125 0.06971153846153846
1 0.5805288461538461 0.3942307692307692 0.03125 0.06009615384615385
0 0.6105769230769231 0.390625 0.036057692307692304 0.06490384615384616
0 0.6442307692307693 0.3858173076923077 0.03365384615384615 0.07211538461538461
0 0.6754807692307693 0.3894230769230769 0.03365384615384615 0.07451923076923077
0 0.7067307692307693 0.3858173076923077 0.038461538461538464 0.07451923076923077
0 0.7379807692307693 0.3870192307692308 0.03365384615384615 0.06971153846153846
0 0.7716346153846154 0.3858173076923077 0.038461538461538464 0.07692307692307693
0 0.8040865384615384 0.3858173076923077 0.036057692307692304 0.07211538461538461
0 0.8377403846153846 0.38461538461538464 0.038461538461538464 0.0673076923076923
0 0.171875 0.4675480769230769 0.038461538461538464 0.07932692307692307
1 0.20192307692307693 0.46875 0.04567307692307692 0.08173076923076923
1 0.2283653846153846 0.4639423076923077 0.040865384615384616 0.08413461538461539
1 0.25721153846153844 0.4723557692307692 0.04326923076923077 0.07932692307692307
1 0.28846153846153844 0.46875 0.038461538461538464 0.08173076923076923
1 0.3329326923076923 0.47115384615384615 0.03365384615384615 0.08653846153846154
1 0.3641826923076923 0.46875 0.04326923076923077 0.08413461538461539
1 0.3918269230769231 0.4699519230769231 0.038461538461538464 0.07932692307692307
1 0.42427884615384615 0.4651442307692308 0.038461538461538464 0.08413461538461539
1 0.4543269230769231 0.46875 0.03365384615384615 0.07692307692307693
1 0.4879807692307692 0.4675480769230769 0.03365384615384615 0.07692307692307693
1 0.5168269230769231 0.46875 0.03365384615384615 0.07211538461538461
1 0.5516826923076923 0.4651442307692308 0.028846153846153848 0.07211538461538461
0 0.5817307692307693 0.46634615384615385 0.03365384615384615 0.07211538461538461
1 0.6117788461538461 0.4639423076923077 0.03125 0.07211538461538461
1 0.6454326923076923 0.46153846153846156 0.03365384615384615 0.07211538461538461
1 0.6802884615384616 0.4639423076923077 0.03365384615384615 0.07211538461538461
0 0.7103365384615384 0.46153846153846156 0.036057692307692304 0.0673076923076923
1 0.7451923076923077 0.46153846153846156 0.03365384615384615 0.07451923076923077
0 0.7776442307692307 0.4579326923076923 0.040865384615384616 0.07451923076923077
1 0.8112980769230769 0.46033653846153844 0.036057692307692304 0.06971153846153846
1 0.8473557692307693 0.453125 0.04326923076923077 0.07692307692307693
1 0.1201923076923077 0.6225961538461539 0.04807692307692308 0.08413461538461539
1 0.1502403846153846 0.625 0.04807692307692308 0.07932692307692307
1 0.18629807692307693 0.625 0.04567307692307692 0.07932692307692307
1 0.21875 0.6225961538461539 0.04326923076923077 0.07932692307692307
1 0.2512019230769231 0.6274038461538461 0.04326923076923077 0.07692307692307693
1 0.3016826923076923 0.6225961538461539 0.040865384615384616 0.07211538461538461
1 0.33653846153846156 0.6201923076923077 0.04326923076923077 0.07932692307692307
1 0.37259615384615385 0.6237980769230769 0.05048076923076923 0.08653846153846154
1 0.4050480769230769 0.6225961538461539 0.04326923076923077 0.07932692307692307
1 0.4387019230769231 0.625 0.04326923076923077 0.08173076923076923
1 0.47115384615384615 0.6225961538461539 0.038461538461538464 0.08173076923076923
1 0.5072115384615384 0.625 0.038461538461538464 0.0889423076923077
1 0.5420673076923077 0.6201923076923077 0.038461538461538464 0.07932692307692307
1 0.5805288461538461 0.6213942307692307 0.038461538461538464 0.08653846153846154
1 0.6153846153846154 0.6189903846153846 0.038461538461538464 0.08413461538461539
1 0.6538461538461539 0.6237980769230769 0.038461538461538464 0.08413461538461539
1 0.6911057692307693 0.625 0.04326923076923077 0.08413461538461539
0 0.7283653846153846 0.6225961538461539 0.04326923076923077 0.08413461538461539
1 0.7668269230769231 0.6213942307692307 0.04326923076923077 0.0889423076923077
1 0.8040865384615384 0.6237980769230769 0.04567307692307692 0.09375
0 0.8401442307692307 0.6177884615384616 0.04326923076923077 0.0889423076923077
1 0.8786057692307693 0.6165865384615384 0.05048076923076923 0.0889423076923077
1 0.05889423076923077 0.7415865384615384 0.055288461538461536 0.07692307692307693
0 0.09615384615384616 0.7451923076923077 0.057692307692307696 0.08653846153846154
1 0.13822115384615385 0.7463942307692307 0.057692307692307696 0.08653846153846154
1 0.1778846153846154 0.7463942307692307 0.0625 0.0889423076923077
0 0.21995192307692307 0.7427884615384616 0.055288461538461536 0.09375
0 0.25721153846153844 0.7427884615384616 0.055288461538461536 0.0889423076923077
0 0.3016826923076923 0.7403846153846154 0.055288461538461536 0.07932692307692307
0 0.3473557692307692 0.7427884615384616 0.055288461538461536 0.07932692307692307
0 0.38822115384615385 0.75 0.052884615384615384 0.08413461538461539
1 0.43149038461538464 0.7439903846153846 0.05048076923076923 0.08413461538461539
1 0.4735576923076923 0.7463942307692307 0.04326923076923077 0.08653846153846154
1 0.5144230769230769 0.7487980769230769 0.04807692307692308 0.0889423076923077