0 0.15504807692307693 0.35697115384615385 0.052884615384615384 0.07692307692307693
0 0.1814903846153846 0.35336538461538464 0.052884615384615384 0.07932692307692307
0 0.21033653846153846 0.3485576923076923 0.05048076923076923 0.07932692307692307
0 0.23677884615384615 0.3401442307692308 0.052884615384615384 0.07932692307692307
0 0.265625 0.33774038461538464 0.05048076923076923 0.07451923076923077
0 0.3076923076923077 0.32572115384615385 0.04807692307692308 0.07692307692307693
0 0.33774038461538464 0.32091346153846156 0.04326923076923077 0.06971153846153846
0 0.36658653846153844 0.3173076923076923 0.040865384615384616 0.07451923076923077
0 0.39302884615384615 0.3088942307692308 0.040865384615384616 0.07451923076923077
0 0.421875 0.30408653846153844 0.04326923076923077 0.07211538461538461
0 0.4483173076923077 0.2980769230769231 0.038461538461538464 0.06490384615384616
0 0.47716346153846156 0.2932692307692308 0.040865384615384616 0.0673076923076923
0 0.5060096153846154 0.28125 0.038461538461538464 0.0625
0 0.5372596153846154 0.2764423076923077 0.04326923076923077 0.07211538461538461
0 0.5697115384615384 0.2704326923076923 0.040865384615384616 0.06971153846153846
0 0.5973557692307693 0.2620192307692308 0.040865384615384616 0.06490384615384616
0 0.6274038461538461 0.25600961538461536 0.040865384615384616 0.06490384615384616
0 0.6574519230769231 0.24759615384615385 0.040865384615384616 0.06009615384615385
0 0.6911057692307693 0.2439903846153846 0.04567307692307692 0.0673076923076923
0 0.7223557692307693 0.234375 0.04326923076923077 0.07451923076923077
0 0.7512019230769231 0.2283653846153846 0.04567307692307692 0.06490384615384616
0 0.7824519230769231 0.21875 0.052884615384615384 0.07692307692307693
0 0.13701923076923078 0.48677884615384615 0.057692307692307696 0.07451923076923077
0 0.16466346153846154 0.4795673076923077 0.057692307692307696 0.07692307692307693
0 0.19471153846153846 0.47596153846153844 0.055288461538461536 0.07692307692307693
0 0.2283653846153846 0.4699519230769231 0.055288461538461536 0.07211538461538461
0 0.26322115384615385 0.4639423076923077 0.052884615384615384 0.07451923076923077
0 0.30408653846153844 0.45552884615384615 0.05048076923076923 0.06971153846153846
0 0.33052884615384615 0.4495192307692308 0.05048076923076923 0.07451923076923077
0 0.36658653846153844 0.4362980769230769 0.04807692307692308 0.06971153846153846
0 0.39663461538461536 0.4326923076923077 0.04807692307692308 0.0673076923076923
0 0.4266826923076923 0.4254807692307692 0.05048076923076923 0.07692307692307693
0 0.45913461538461536 0.4182692307692308 0.04807692307692308 0.07211538461538461
0 0.4879807692307692 0.41466346153846156 0.04567307692307692 0.07211538461538461
0 0.5216346153846154 0.4050480769230769 0.04567307692307692 0.07932692307692307
0 0.5552884615384616 0.4014423076923077 0.04326923076923077 0.07211538461538461
0 0.5865384615384616 0.390625 0.05048076923076923 0.07692307692307693
0 0.6237980769230769 0.3798076923076923 0.04807692307692308 0.08653846153846154
0 0.6586538461538461 0.37740384615384615 0.05048076923076923 0.08653846153846154
0 0.6911057692307693 0.36658653846153844 0.055288461538461536 0.0889423076923077
0 0.7259615384615384 0.36177884615384615 0.04807692307692308 0.08173076923076923
0 0.7608173076923077 0.3545673076923077 0.055288461538461536 0.0889423076923077
0 0.7956730769230769 0.3485576923076923 0.05048076923076923 0.08413461538461539
0 0.8317307692307693 0.34134615384615385 0.055288461538461536 0.07932692307692307
0 0.12620192307692307 0.5576923076923077 0.057692307692307696 0.09375
0 0.15865384615384615 0.5540865384615384 0.06490384615384616 0.09615384615384616
0 0.1875 0.5432692307692307 0.0625 0.0985576923076923
0 0.21995192307692307 0.5456730769230769 0.06009615384615385 0.09375
0 0.25240384615384615 0.5372596153846154 0.057692307692307696 0.09615384615384616
0 0.3016826923076923 0.53125 0.05048076923076923 0.0985576923076923
0 0.33533653846153844 0.5216346153846154 0.0625 0.10096153846153846
0 0.36538461538461536 0.5192307692307693 0.057692307692307696 0.09375
0 0.40024038461538464 0.5072115384615384 0.057692307692307696 0.0985576923076923
0 0.4326923076923077 0.5060096153846154 0.04807692307692308 0.0889423076923077
0 0.46875 0.4987980769230769 0.05048076923076923 0.0889423076923077
0 0.5 0.49278846153846156 0.05048076923076923 0.08413461538461539
0 0.5360576923076923 0.4831730769230769 0.04326923076923077 0.08173076923076923
0 0.5697115384615384 0.47836538461538464 0.04807692307692308 0.08413461538461539
0 0.6033653846153846 0.4699519230769231 0.04807692307692308 0.08413461538461539
0 0.6382211538461539 0.46033653846153844 0.05048076923076923 0.08653846153846154
0 0.6754807692307693 0.4579326923076923 0.04807692307692308 0.08413461538461539
0 0.7091346153846154 0.4483173076923077 0.052884615384615384 0.07932692307692307
0 0.7475961538461539 0.4423076923076923 0.05048076923076923 0.08653846153846154
0 0.78125 0.43149038461538464 0.057692307692307696 0.0889423076923077
0 0.8173076923076923 0.42788461538461536 0.052884615384615384 0.08173076923076923
0 0.8569711538461539 0.41346153846153844 0.0625 0.09134615384615384
0 0.09975961538461539 0.7355769230769231 0.0673076923076923 0.10096153846153846
0 0.13341346153846154 0.7331730769230769 0.06490384615384616 0.09375
0 0.171875 0.7259615384615384 0.06490384615384616 0.09615384615384616
0 0.20673076923076922 0.7175480769230769 0.0625 0.09375
0 0.24278846153846154 0.7163461538461539 0.0625 0.09134615384615384
0 0.296875 0.7007211538461539 0.057692307692307696 0.08413461538461539
0 0.33413461538461536 0.6923076923076923 0.06009615384615385 0.09375
0 0.3737980769230769 0.6887019230769231 0.07211538461538461 0.10336538461538461
0 0.40865384615384615 0.6814903846153846 0.0625 0.09375
0 0.44591346153846156 0.6778846153846154 0.0625 0.09615384615384616
0 0.48197115384615385 0.6706730769230769 0.055288461538461536 0.09375
0 0.5204326923076923 0.6646634615384616 0.057692307692307696 0.10336538461538461
0 0.5564903846153846 0.6526442307692307 0.057692307692307696 0.09375
0 0.5985576923076923 0.6478365384615384 0.057692307692307696 0.10096153846153846
0 0.6358173076923077 0.6382211538461539 0.055288461538461536 0.09615384615384616
0 0.6778846153846154 0.6358173076923077 0.057692307692307696 0.0985576923076923
0 0.71875 0.6298076923076923 0.0625 0.0985576923076923
0 0.7596153846153846 0.6201923076923077 0.0625 0.0985576923076923
0 0.7992788461538461 0.6105769230769231 0.0625 0.10576923076923077
0 0.8401442307692307 0.6069711538461539 0.0673076923076923 0.10817307692307693
0 0.8786057692307693 0.59375 0.0625 0.10576923076923077
0 0.9194711538461539 0.5841346153846154 0.07211538461538461 0.10576923076923077
0 0.07572115384615384 0.8737980769230769 0.038461538461538464 0.08653846153846154
0 0.09735576923076923 0.8737980769230769 0.07692307692307693 0.10336538461538461
1 0.14423076923076922 0.8665865384615384 0.07692307692307693 0.10576923076923077
1 0.18629807692307693 0.8581730769230769 0.08413461538461539 0.10817307692307693
0 0.23197115384615385 0.8473557692307693 0.07932692307692307 0.11298076923076923
0 0.27283653846153844 0.8389423076923077 0.07692307692307693 0.10576923076923077
0 0.31971153846153844 0.8293269230769231 0.07451923076923077 0.09615384615384616
0 0.36899038461538464 0.8245192307692307 0.07451923076923077 0.09615384615384616
0 0.41466346153846156 0.8221153846153846 0.07211538461538461 0.10096153846153846
0 0.46033653846153844 0.8076923076923077 0.06971153846153846 0.10096153846153846
0 0.5060096153846154 0.8028846153846154 0.0625 0.10096153846153846
0 0.5504807692307693 0.7992788461538461 0.0673076923076923 0.10576923076923077