0 0.796875 0.31850961538461536 0.04326923076923077 0.0673076923076923
0 0.7716346153846154 0.31850961538461536 0.040865384615384616 0.07211538461538461
0 0.7439903846153846 0.3161057692307692 0.040865384615384616 0.07211538461538461
0 0.7199519230769231 0.3125 0.04326923076923077 0.07211538461538461
0 0.6935096153846154 0.3112980769230769 0.040865384615384616 0.0673076923076923
0 0.6538461538461539 0.30528846153846156 0.038461538461538464 0.0673076923076923
0 0.625 0.30288461538461536 0.03365384615384615 0.0625
0 0.5985576923076923 0.30288461538461536 0.03125 0.0673076923076923
0 0.5733173076923077 0.2980769230769231 0.03365384615384615 0.0673076923076923
0 0.546875 0.2980769230769231 0.03365384615384615 0.06490384615384616
0 0.5216346153846154 0.2932692307692308 0.028846153846153848 0.057692307692307696
0 0.49399038461538464 0.29086538461538464 0.03365384615384615 0.06009615384615385
0 0.46634615384615385 0.28365384615384615 0.028846153846153848 0.055288461538461536
0 0.4387019230769231 0.28125 0.036057692307692304 0.0625
0 0.40865384615384615 0.27884615384615385 0.03125 0.0625
0 0.38221153846153844 0.27524038461538464 0.03125 0.057692307692307696
0 0.35216346153846156 0.27283653846153844 0.03125 0.057692307692307696
0 0.3233173076923077 0.2668269230769231 0.03125 0.055288461538461536
0 0.2920673076923077 0.2668269230769231 0.036057692307692304 0.06009615384615385
0 0.26322115384615385 0.2608173076923077 0.03365384615384615 0.06490384615384616
0 0.23677884615384615 0.25841346153846156 0.036057692307692304 0.057692307692307696
0 0.20673076923076922 0.25240384615384615 0.04326923076923077 0.0673076923076923
0 0.8257211538461539 0.4362980769230769 0.04807692307692308 0.06490384615384616
0 0.7992788461538461 0.4326923076923077 0.04807692307692308 0.0673076923076923
0 0.7728365384615384 0.4326923076923077 0.04567307692307692 0.0673076923076923
0 0.7391826923076923 0.42908653846153844 0.04567307692307692 0.0625
0 0.7079326923076923 0.42908653846153844 0.04326923076923077 0.06490384615384616
0 0.6694711538461539 0.42427884615384615 0.040865384615384616 0.06009615384615385
0 0.6442307692307693 0.4206730769230769 0.040865384615384616 0.06490384615384616
0 0.6105769230769231 0.41346153846153844 0.040865384615384616 0.0625
0 0.5829326923076923 0.41225961538461536 0.040865384615384616 0.06009615384615385
0 0.5528846153846154 0.40865384615384615 0.040865384615384616 0.0673076923076923
0 0.5228365384615384 0.4050480769230769 0.038461538461538464 0.06490384615384616
0 0.4951923076923077 0.4026442307692308 0.038461538461538464 0.06490384615384616
0 0.4639423076923077 0.39903846153846156 0.036057692307692304 0.07211538461538461
0 0.4326923076923077 0.39783653846153844 0.036057692307692304 0.0625
0 0.40384615384615385 0.3918269230769231 0.040865384615384616 0.0673076923076923
0 0.36899038461538464 0.38461538461538464 0.038461538461538464 0.07692307692307693
0 0.33653846153846156 0.3870192307692308 0.038461538461538464 0.07932692307692307
0 0.30528846153846156 0.3798076923076923 0.04326923076923077 0.07932692307692307
0 0.27283653846153844 0.3786057692307692 0.038461538461538464 0.07451923076923077
0 0.2403846153846154 0.3762019230769231 0.04567307692307692 0.07932692307692307
0 0.20673076923076922 0.37259615384615385 0.040865384615384616 0.07451923076923077
0 0.17307692307692307 0.3701923076923077 0.04326923076923077 0.07211538461538461
0 0.8413461538461539 0.5012019230769231 0.04326923076923077 0.08413461538461539
0 0.8112980769230769 0.5012019230769231 0.052884615384615384 0.08653846153846154
0 0.7836538461538461 0.49399038461538464 0.04807692307692308 0.0889423076923077
0 0.7560096153846154 0.4987980769230769 0.04807692307692308 0.08413461538461539
0 0.7235576923076923 0.49399038461538464 0.04326923076923077 0.08653846153846154
0 0.6790865384615384 0.49399038461538464 0.038461538461538464 0.0889423076923077
0 0.6466346153846154 0.4891826923076923 0.05048076923076923 0.0889423076923077
0 0.6189903846153846 0.4879807692307692 0.04567307692307692 0.08173076923076923
0 0.5865384615384616 0.4807692307692308 0.04567307692307692 0.0889423076923077
0 0.5552884615384616 0.48197115384615385 0.038461538461538464 0.07932692307692307
0 0.5228365384615384 0.4795673076923077 0.040865384615384616 0.07932692307692307
0 0.49278846153846156 0.47716346153846156 0.040865384615384616 0.07451923076923077
0 0.45913461538461536 0.47115384615384615 0.03365384615384615 0.07451923076923077
0 0.42788461538461536 0.4699519230769231 0.038461538461538464 0.07451923076923077
0 0.3954326923076923 0.46634615384615385 0.036057692307692304 0.07451923076923077
0 0.36177884615384615 0.46153846153846156 0.038461538461538464 0.07692307692307693
0 0.328125 0.46033653846153844 0.038461538461538464 0.07451923076923077
0 0.2956730769230769 0.4567307692307692 0.04326923076923077 0.07211538461538461
0 0.2620192307692308 0.4543269230769231 0.040865384615384616 0.07932692307692307
0 0.2283653846153846 0.4483173076923077 0.04567307692307692 0.07932692307692307
0 0.19471153846153846 0.4483173076923077 0.040865384615384616 0.07211538461538461
0 0.15745192307692307 0.4387019230769231 0.05048076923076923 0.07932692307692307
0 0.8834134615384616 0.6610576923076923 0.052884615384615384 0.0889423076923077
0 0.8521634615384616 0.6622596153846154 0.052884615384615384 0.08413461538461539
0 0.8161057692307693 0.6586538461538461 0.052884615384615384 0.08413461538461539
0 0.7836538461538461 0.6550480769230769 0.04807692307692308 0.08173076923076923
0 0.75 0.6574519230769231 0.05048076923076923 0.07932692307692307
0 0.6995192307692307 0.6490384615384616 0.04567307692307692 0.07451923076923077
0 0.6646634615384616 0.6442307692307693 0.04807692307692308 0.08173076923076923
0 0.6274038461538461 0.6442307692307693 0.057692307692307696 0.09134615384615384
0 0.5949519230769231 0.640625 0.04807692307692308 0.08413461538461539
0 0.5600961538461539 0.6418269230769231 0.04807692307692308 0.08653846153846154
0 0.5276442307692307 0.6370192307692307 0.04326923076923077 0.08653846153846154
0 0.49038461538461536 0.6370192307692307 0.04567307692307692 0.09134615384615384
0 0.45552884615384615 0.6298076923076923 0.04567307692307692 0.08173076923076923
0 0.4170673076923077 0.6274038461538461 0.04567307692307692 0.09134615384615384
0 0.38221153846153844 0.6225961538461539 0.04326923076923077 0.08653846153846154
0 0.3425480769230769 0.625 0.04326923076923077 0.08653846153846154
0 0.30408653846153844 0.6237980769230769 0.05048076923076923 0.0889423076923077
0 0.26802884615384615 0.6189903846153846 0.05048076923076923 0.08653846153846154
0 0.22956730769230768 0.6153846153846154 0.05048076923076923 0.09375
0 0.19110576923076922 0.6141826923076923 0.052884615384615384 0.0985576923076923
0 0.15504807692307693 0.6057692307692307 0.05048076923076923 0.09375
0 0.11538461538461539 0.6009615384615384 0.057692307692307696 0.09375
0 0.9362980769230769 0.7884615384615384 0.06009615384615385 0.08173076923076923
0 0.8978365384615384 0.7884615384615384 0.06490384615384616 0.09134615384615384
1 0.8557692307692307 0.7872596153846154 0.0625 0.09134615384615384
1 0.8161057692307693 0.7836538461538461 0.0673076923076923 0.09615384615384616
0 0.7728365384615384 0.7776442307692307 0.0625 0.0985576923076923
0 0.734375 0.7740384615384616 0.0625 0.09375
0 0.6899038461538461 0.7692307692307693 0.06009615384615385 0.08413461538461539
0 0.6454326923076923 0.7680288461538461 0.06009615384615385 0.08413461538461539
0 0.6033653846153846 0.7704326923076923 0.06009615384615385 0.0889423076923077
0 0.5588942307692307 0.7620192307692307 0.057692307692307696 0.0889423076923077
0 0.5168269230769231 0.7620192307692307 0.05048076923076923 0.09134615384615384
0 0.47596153846153844 0.7620192307692307 0.055288461538461536 0.09375