0 0.1935096153846154 0.3125 0.05048076923076923 0.07211538461538461
0 0.21875 0.31009615384615385 0.05048076923076923 0.07692307692307693
0 0.24639423076923078 0.30408653846153844 0.04807692307692308 0.07692307692307693
0 0.27163461538461536 0.2980769230769231 0.05048076923076923 0.07692307692307693
0 0.2980769230769231 0.2956730769230769 0.04567307692307692 0.07211538461538461
0 0.3389423076923077 0.2824519230769231 0.04807692307692308 0.07211538461538461
0 0.36899038461538464 0.2776442307692308 0.040865384615384616 0.0673076923076923
0 0.3954326923076923 0.27524038461538464 0.040865384615384616 0.07211538461538461
0 0.4206730769230769 0.2668269230769231 0.040865384615384616 0.07211538461538461
1 0.4483173076923077 0.2644230769230769 0.040865384615384616 0.06971153846153846
0 0.4735576923076923 0.25600961538461536 0.036057692307692304 0.0625
1 0.5012019230769231 0.2512019230769231 0.038461538461538464 0.06490384615384616
0 0.5288461538461539 0.2403846153846154 0.036057692307692304 0.06009615384615385
0 0.5576923076923077 0.23557692307692307 0.040865384615384616 0.0673076923076923
0 0.5877403846153846 0.22956730769230768 0.038461538461538464 0.0673076923076923
0 0.6153846153846154 0.22235576923076922 0.038461538461538464 0.0625
1 0.6442307692307693 0.21754807692307693 0.038461538461538464 0.0625
1 0.6730769230769231 0.2091346153846154 0.038461538461538464 0.057692307692307696
1 0.7055288461538461 0.20432692307692307 0.04326923076923077 0.06490384615384616
0 0.7355769230769231 0.19471153846153846 0.04326923076923077 0.06971153846153846
0 0.7620192307692307 0.18990384615384615 0.04326923076923077 0.0625
1 0.7920673076923077 0.1814903846153846 0.05048076923076923 0.07211538461538461
0 0.17668269230769232 0.4362980769230769 0.055288461538461536 0.06971153846153846
0 0.203125 0.43028846153846156 0.055288461538461536 0.07211538461538461
1 0.23076923076923078 0.42788461538461536 0.052884615384615384 0.07451923076923077
0 0.2644230769230769 0.4206730769230769 0.052884615384615384 0.0673076923076923
1 0.2980769230769231 0.41586538461538464 0.05048076923076923 0.07211538461538461
1 0.33533653846153844 0.4074519230769231 0.04807692307692308 0.06490384615384616
1 0.3605769230769231 0.4026442307692308 0.04807692307692308 0.06971153846153846
1 0.3954326923076923 0.3894230769230769 0.04567307692307692 0.0673076923076923
0 0.42427884615384615 0.38461538461538464 0.04567307692307692 0.06490384615384616
0 0.453125 0.3786057692307692 0.04807692307692308 0.07211538461538461
0 0.484375 0.3713942307692308 0.04567307692307692 0.06971153846153846
0 0.5120192307692307 0.36658653846153844 0.04326923076923077 0.0673076923076923
0 0.5432692307692307 0.359375 0.04326923076923077 0.07692307692307693
1 0.5757211538461539 0.3545673076923077 0.04326923076923077 0.0673076923076923
0 0.6057692307692307 0.3449519230769231 0.04807692307692308 0.07211538461538461
0 0.640625 0.33413461538461536 0.04567307692307692 0.07932692307692307
0 0.6742788461538461 0.3329326923076923 0.04567307692307692 0.08173076923076923
0 0.7043269230769231 0.32211538461538464 0.052884615384615384 0.08413461538461539
0 0.7379807692307693 0.3173076923076923 0.04807692307692308 0.07932692307692307
0 0.7716346153846154 0.3112980769230769 0.052884615384615384 0.08653846153846154
0 0.8052884615384616 0.30288461538461536 0.04807692307692308 0.07932692307692307
0 0.8389423076923077 0.2980769230769231 0.05048076923076923 0.07692307692307693
0 0.16826923076923078 0.5048076923076923 0.052884615384615384 0.0889423076923077
0 0.1971153846153846 0.5 0.0625 0.09375
1 0.2247596153846154 0.49038461538461536 0.057692307692307696 0.09375
1 0.2548076923076923 0.49278846153846156 0.057692307692307696 0.09134615384615384
1 0.2860576923076923 0.4855769230769231 0.052884615384615384 0.09134615384615384
1 0.3329326923076923 0.4795673076923077 0.04807692307692308 0.09375
1 0.36538461538461536 0.47115384615384615 0.06009615384615385 0.09375
1 0.3942307692307692 0.46634615384615385 0.055288461538461536 0.0889423076923077
1 0.42788461538461536 0.45552884615384615 0.055288461538461536 0.09375
1 0.45913461538461536 0.4543269230769231 0.04807692307692308 0.08413461538461539
1 0.49399038461538464 0.44711538461538464 0.05048076923076923 0.08413461538461539
1 0.5228365384615384 0.4423076923076923 0.04807692307692308 0.07932692307692307
1 0.5576923076923077 0.4326923076923077 0.040865384615384616 0.07932692307692307
0 0.5889423076923077 0.42788461538461536 0.04807692307692308 0.07932692307692307
1 0.6201923076923077 0.421875 0.04326923076923077 0.07932692307692307
1 0.6538461538461539 0.4110576923076923 0.04567307692307692 0.07932692307692307
1 0.6899038461538461 0.4074519230769231 0.04567307692307692 0.07932692307692307
0 0.7223557692307693 0.40024038461538464 0.05048076923076923 0.07692307692307693
1 0.7584134615384616 0.39302884615384615 0.04807692307692308 0.08413461538461539
0 0.7908653846153846 0.38461538461538464 0.055288461538461536 0.08413461538461539
1 0.8257211538461539 0.3798076923076923 0.05048076923076923 0.07692307692307693
1 0.8617788461538461 0.36658653846153844 0.057692307692307696 0.08653846153846154
1 0.14182692307692307 0.6730769230769231 0.06490384615384616 0.09615384615384616
1 0.17307692307692307 0.6706730769230769 0.0625 0.0889423076923077
1 0.21033653846153846 0.6646634615384616 0.0625 0.09134615384615384
1 0.24278846153846154 0.65625 0.057692307692307696 0.0889423076923077
1 0.2776442307692308 0.6550480769230769 0.057692307692307696 0.08653846153846154
1 0.3293269230769231 0.640625 0.055288461538461536 0.08173076923076923
1 0.3641826923076923 0.6334134615384616 0.057692307692307696 0.0889423076923077
1 0.4026442307692308 0.6286057692307693 0.0673076923076923 0.09615384615384616
1 0.43509615384615385 0.6225961538461539 0.057692307692307696 0.09134615384615384
1 0.4723557692307692 0.6189903846153846 0.057692307692307696 0.09134615384615384
1 0.5048076923076923 0.6105769230769231 0.052884615384615384 0.09134615384615384
1 0.5408653846153846 0.6057692307692307 0.055288461538461536 0.0985576923076923
1 0.5769230769230769 0.5949519230769231 0.055288461538461536 0.0889423076923077
1 0.6165865384615384 0.5889423076923077 0.055288461538461536 0.09615384615384616
1 0.6526442307692307 0.5805288461538461 0.055288461538461536 0.09134615384615384
1 0.6923076923076923 0.5793269230769231 0.055288461538461536 0.09134615384615384
1 0.7319711538461539 0.5721153846153846 0.06009615384615385 0.09375
0 0.7692307692307693 0.5637019230769231 0.06009615384615385 0.09375
0 0.8076923076923077 0.5552884615384616 0.06009615384615385 0.10096153846153846
1 0.8473557692307693 0.5504807692307693 0.06490384615384616 0.10336538461538461
0 0.8834134615384616 0.5396634615384616 0.06009615384615385 0.10096153846153846
1 0.9230769230769231 0.5288461538461539 0.0673076923076923 0.10096153846153846
1 0.10096153846153846 0.8088942307692307 0.06971153846153846 0.0889423076923077
0 0.13942307692307693 0.8052884615384616 0.07451923076923077 0.0985576923076923
1 0.18389423076923078 0.7992788461538461 0.07451923076923077 0.10096153846153846
1 0.22355769230769232 0.7908653846153846 0.07932692307692307 0.10336538461538461
0 0.2668269230769231 0.7800480769230769 0.07451923076923077 0.10817307692307693
0 0.30649038461538464 0.7728365384615384 0.07211538461538461 0.10096153846153846
0 0.35096153846153844 0.7632211538461539 0.06971153846153846 0.09375
0 0.39783653846153844 0.7584134615384616 0.06971153846153846 0.09375
0 0.4423076923076923 0.7560096153846154 0.06971153846153846 0.09615384615384616
1 0.4855769230769231 0.7427884615384616 0.0673076923076923 0.09375
1 0.5288461538461539 0.7379807692307693 0.06009615384615385 0.0985576923076923
1 0.5709134615384616 0.7331730769230769 0.06490384615384616 0.10096153846153846