0 0.16346153846153846 0.3112980769230769 0.04807692307692308 0.07211538461538461
0 0.19230769230769232 0.31009615384615385 0.04807692307692308 0.07692307692307693
0 0.21995192307692307 0.30649038461538464 0.04567307692307692 0.07692307692307693
0 0.24639423076923078 0.3004807692307692 0.04807692307692308 0.07692307692307693
0 0.27403846153846156 0.29927884615384615 0.04567307692307692 0.07211538461538461
0 0.3161057692307692 0.28966346153846156 0.04567307692307692 0.07451923076923077
0 0.34615384615384615 0.2860576923076923 0.038461538461538464 0.0673076923076923
0 0.3737980769230769 0.2848557692307692 0.036057692307692304 0.07211538461538461
0 0.40024038461538464 0.2776442307692308 0.038461538461538464 0.07211538461538461
0 0.42908653846153844 0.27403846153846156 0.038461538461538464 0.06971153846153846
0 0.45552884615384615 0.2692307692307692 0.036057692307692304 0.0625
0 0.484375 0.265625 0.038461538461538464 0.06490384615384616
0 0.5132211538461539 0.25600961538461536 0.036057692307692304 0.06009615384615385
0 0.5444711538461539 0.25240384615384615 0.040865384615384616 0.06971153846153846
0 0.5745192307692307 0.24759615384615385 0.036057692307692304 0.0673076923076923
0 0.6033653846153846 0.24278846153846154 0.038461538461538464 0.0625
0 0.6346153846153846 0.23798076923076922 0.038461538461538464 0.0625
0 0.6634615384615384 0.23076923076923078 0.038461538461538464 0.06009615384615385
0 0.6971153846153846 0.2283653846153846 0.040865384615384616 0.06490384615384616
0 0.7271634615384616 0.21995192307692307 0.038461538461538464 0.07211538461538461
0 0.7548076923076923 0.21634615384615385 0.040865384615384616 0.0625
0 0.7872596153846154 0.20793269230769232 0.04807692307692308 0.07211538461538461
0 0.14182692307692307 0.4387019230769231 0.055288461538461536 0.06971153846153846
0 0.16826923076923078 0.4326923076923077 0.052884615384615384 0.07451923076923077
0 0.19831730769230768 0.43028846153846156 0.05048076923076923 0.07451923076923077
0 0.23076923076923078 0.4266826923076923 0.052884615384615384 0.06971153846153846
0 0.265625 0.4230769230769231 0.04807692307692308 0.07211538461538461
0 0.30528846153846156 0.4170673076923077 0.04567307692307692 0.0673076923076923
0 0.3317307692307692 0.41225961538461536 0.04807692307692308 0.06971153846153846
0 0.36778846153846156 0.40024038461538464 0.04567307692307692 0.0673076923076923
0 0.39663461538461536 0.39903846153846156 0.04326923076923077 0.0673076923076923
0 0.42788461538461536 0.39302884615384615 0.04807692307692308 0.07211538461538461
0 0.46153846153846156 0.38822115384615385 0.04326923076923077 0.06971153846153846
0 0.4891826923076923 0.38461538461538464 0.04326923076923077 0.06971153846153846
0 0.5216346153846154 0.3786057692307692 0.04326923076923077 0.07932692307692307
0 0.5552884615384616 0.3762019230769231 0.040865384615384616 0.06971153846153846
0 0.5865384615384616 0.36778846153846156 0.04567307692307692 0.07451923076923077
0 0.6225961538461539 0.3581730769230769 0.04326923076923077 0.08173076923076923
0 0.6574519230769231 0.3581730769230769 0.04567307692307692 0.08413461538461539
0 0.6887019230769231 0.34975961538461536 0.05048076923076923 0.08413461538461539
0 0.7235576923076923 0.34615384615384615 0.04567307692307692 0.07932692307692307
0 0.7584134615384616 0.34134615384615385 0.052884615384615384 0.08653846153846154
0 0.7932692307692307 0.33653846153846156 0.04567307692307692 0.08173076923076923
0 0.8293269230769231 0.33052884615384615 0.05048076923076923 0.07692307692307693
0 0.12740384615384615 0.5072115384615384 0.05048076923076923 0.09134615384615384
0 0.15865384615384615 0.5060096153846154 0.06009615384615385 0.09375
0 0.1875 0.4963942307692308 0.055288461538461536 0.09615384615384616
0 0.21875 0.5012019230769231 0.055288461538461536 0.09134615384615384
0 0.2512019230769231 0.49399038461538464 0.05048076923076923 0.09134615384615384
0 0.29927884615384615 0.49038461538461536 0.04567307692307692 0.09615384615384616
0 0.33413461538461536 0.4831730769230769 0.057692307692307696 0.09615384615384616
0 0.3629807692307692 0.48197115384615385 0.052884615384615384 0.0889423076923077
0 0.39783653846153844 0.4723557692307692 0.052884615384615384 0.09615384615384616
0 0.42908653846153844 0.4723557692307692 0.04326923076923077 0.08653846153846154
0 0.4651442307692308 0.4675480769230769 0.04807692307692308 0.08653846153846154
0 0.4963942307692308 0.46274038461538464 0.04567307692307692 0.08173076923076923
0 0.5324519230769231 0.45552884615384615 0.038461538461538464 0.07932692307692307
0 0.5649038461538461 0.4519230769230769 0.04567307692307692 0.08173076923076923
0 0.5985576923076923 0.44591346153846156 0.040865384615384616 0.08173076923076923
0 0.6334134615384616 0.4387019230769231 0.04326923076923077 0.08173076923076923
0 0.6694711538461539 0.4375 0.04326923076923077 0.08173076923076923
0 0.7043269230769231 0.43028846153846156 0.04807692307692308 0.07692307692307693
0 0.7403846153846154 0.4266826923076923 0.04807692307692308 0.08413461538461539
0 0.7752403846153846 0.4182692307692308 0.052884615384615384 0.08653846153846154
0 0.8112980769230769 0.41586538461538464 0.04807692307692308 0.07932692307692307
0 0.8497596153846154 0.40384615384615385 0.057692307692307696 0.08653846153846154
0 0.09254807692307693 0.6814903846153846 0.0625 0.09615384615384616
0 0.125 0.6790865384615384 0.06009615384615385 0.09134615384615384
0 0.16346153846153846 0.6742788461538461 0.06009615384615385 0.09134615384615384
0 0.1971153846153846 0.6670673076923077 0.055288461538461536 0.0889423076923077
0 0.23197115384615385 0.6682692307692307 0.057692307692307696 0.08653846153846154
0 0.28725961538461536 0.6574519230769231 0.052884615384615384 0.08173076923076923
0 0.3233173076923077 0.6502403846153846 0.055288461538461536 0.0889423076923077
0 0.3629807692307692 0.6478365384615384 0.06490384615384616 0.0985576923076923
0 0.39783653846153844 0.6430288461538461 0.055288461538461536 0.09134615384615384
0 0.4338942307692308 0.6418269230769231 0.055288461538461536 0.09375
0 0.4675480769230769 0.6358173076923077 0.05048076923076923 0.09134615384615384
0 0.5060096153846154 0.6322115384615384 0.052884615384615384 0.0985576923076923
0 0.5444711538461539 0.6237980769230769 0.052884615384615384 0.0889423076923077
0 0.5841346153846154 0.6189903846153846 0.05048076923076923 0.0985576923076923
0 0.6213942307692307 0.6117788461538461 0.05048076923076923 0.09375
0 0.6634615384615384 0.6117788461538461 0.05048076923076923 0.09375
0 0.703125 0.6081730769230769 0.057692307692307696 0.09615384615384616
0 0.7439903846153846 0.6009615384615384 0.057692307692307696 0.09375
0 0.7836538461538461 0.5949519230769231 0.057692307692307696 0.10096153846153846
0 0.8233173076923077 0.5913461538461539 0.0625 0.10576923076923077
0 0.8617788461538461 0.5817307692307693 0.057692307692307696 0.10096153846153846
0 0.9026442307692307 0.5733173076923077 0.06490384615384616 0.10096153846153846
0 0.055288461538461536 0.8149038461538461 0.04326923076923077 0.08413461538461539
0 0.0829326923076923 0.8161057692307693 0.07211538461538461 0.10096153846153846
0 0.12740384615384615 0.8125 0.07211538461538461 0.10096153846153846
1 0.17067307692307693 0.8064903846153846 0.07692307692307693 0.10336538461538461
0 0.21514423076923078 0.796875 0.07211538461538461 0.10817307692307693
0 0.25600961538461536 0.7920673076923077 0.06971153846153846 0.10096153846153846
0 0.3016826923076923 0.7836538461538461 0.0673076923076923 0.09375
0 0.35096153846153844 0.7800480769230769 0.0673076923076923 0.09375
0 0.39663461538461536 0.78125 0.0673076923076923 0.09615384615384616
0 0.4423076923076923 0.7704326923076923 0.06490384615384616 0.09615384615384616
0 0.48677884615384615 0.7680288461538461 0.057692307692307696 0.0985576923076923
0 0.5300480769230769 0.765625 0.0625 0.10096153846153846