0 0.7644230769230769 0.2848557692307692 0.036057692307692304 0.0625
0 0.7391826923076923 0.2860576923076923 0.036057692307692304 0.0673076923076923
0 0.7127403846153846 0.2860576923076923 0.03365384615384615 0.0673076923076923
0 0.6875 0.2848557692307692 0.036057692307692304 0.0673076923076923
0 0.6622596153846154 0.28725961538461536 0.03365384615384615 0.0625
0 0.6213942307692307 0.28365384615384615 0.03365384615384615 0.06490384615384616
0 0.59375 0.2848557692307692 0.028846153846153848 0.06009615384615385
0 0.5673076923076923 0.2860576923076923 0.026442307692307692 0.06490384615384616
0 0.5420673076923077 0.28365384615384615 0.026442307692307692 0.06490384615384616
0 0.515625 0.2848557692307692 0.028846153846153848 0.0625
0 0.49038461538461536 0.2824519230769231 0.02403846153846154 0.055288461538461536
0 0.4639423076923077 0.2824519230769231 0.026442307692307692 0.057692307692307696
0 0.43509615384615385 0.2776442307692308 0.02403846153846154 0.052884615384615384
0 0.4074519230769231 0.27884615384615385 0.028846153846153848 0.06009615384615385
0 0.37740384615384615 0.27884615384615385 0.02403846153846154 0.06009615384615385
0 0.35096153846153844 0.2776442307692308 0.028846153846153848 0.055288461538461536
0 0.32211538461538464 0.2776442307692308 0.028846153846153848 0.055288461538461536
0 0.2932692307692308 0.27403846153846156 0.028846153846153848 0.052884615384615384
0 0.26322115384615385 0.2764423076923077 0.03125 0.057692307692307696
0 0.23317307692307693 0.27283653846153844 0.028846153846153848 0.0625
0 0.20673076923076922 0.27283653846153844 0.03125 0.055288461538461536
0 0.17668269230769232 0.2704326923076923 0.036057692307692304 0.0625
0 0.8028846153846154 0.39783653846153844 0.04326923076923077 0.06009615384615385
0 0.7764423076923077 0.39663461538461536 0.04326923076923077 0.0625
0 0.75 0.39903846153846156 0.038461538461538464 0.06490384615384616
0 0.7175480769230769 0.39903846153846156 0.040865384615384616 0.057692307692307696
0 0.6862980769230769 0.40024038461538464 0.038461538461538464 0.0625
0 0.6478365384615384 0.39903846153846156 0.036057692307692304 0.057692307692307696
0 0.6225961538461539 0.39903846153846156 0.036057692307692304 0.0625
0 0.5877403846153846 0.39302884615384615 0.03365384615384615 0.057692307692307696
0 0.5612980769230769 0.3954326923076923 0.03365384615384615 0.057692307692307696
0 0.5324519230769231 0.3942307692307692 0.036057692307692304 0.0625
0 0.5012019230769231 0.39302884615384615 0.03365384615384615 0.0625
0 0.47475961538461536 0.3942307692307692 0.03125 0.06009615384615385
0 0.44350961538461536 0.39302884615384615 0.028846153846153848 0.0673076923076923
0 0.41225961538461536 0.3942307692307692 0.028846153846153848 0.06009615384615385
0 0.38221153846153844 0.390625 0.03365384615384615 0.06490384615384616
0 0.3473557692307692 0.3858173076923077 0.03125 0.07211538461538461
0 0.3161057692307692 0.390625 0.03125 0.07451923076923077
0 0.2848557692307692 0.3870192307692308 0.036057692307692304 0.07451923076923077
0 0.2536057692307692 0.3894230769230769 0.03365384615384615 0.06971153846153846
0 0.21995192307692307 0.3894230769230769 0.038461538461538464 0.07692307692307693
0 0.18629807692307693 0.38822115384615385 0.03365384615384615 0.07211538461538461
0 0.15384615384615385 0.3894230769230769 0.038461538461538464 0.0673076923076923
0 0.8245192307692307 0.46033653846153844 0.038461538461538464 0.08173076923076923
0 0.7944711538461539 0.46153846153846156 0.04326923076923077 0.08173076923076923
0 0.7668269230769231 0.4579326923076923 0.040865384615384616 0.08413461538461539
0 0.7391826923076923 0.4651442307692308 0.040865384615384616 0.08173076923076923
0 0.7079326923076923 0.4639423076923077 0.038461538461538464 0.08173076923076923
0 0.6634615384615384 0.4675480769230769 0.03125 0.08653846153846154
0 0.6310096153846154 0.4651442307692308 0.04326923076923077 0.08413461538461539
0 0.6033653846153846 0.46634615384615385 0.038461538461538464 0.07692307692307693
0 0.5697115384615384 0.46153846153846156 0.038461538461538464 0.08413461538461539
0 0.5408653846153846 0.46634615384615385 0.03125 0.07692307692307693
0 0.5072115384615384 0.46634615384615385 0.03365384615384615 0.07692307692307693
0 0.47836538461538464 0.4675480769230769 0.03365384615384615 0.07211538461538461
0 0.44350961538461536 0.4639423076923077 0.026442307692307692 0.07211538461538461
0 0.41346153846153844 0.4651442307692308 0.03365384615384615 0.07211538461538461
0 0.38221153846153844 0.4651442307692308 0.028846153846153848 0.07211538461538461
0 0.3485576923076923 0.46153846153846156 0.03125 0.07211538461538461
0 0.31490384615384615 0.4651442307692308 0.03125 0.07211538461538461
0 0.2824519230769231 0.4639423076923077 0.036057692307692304 0.0673076923076923
0 0.24759615384615385 0.4639423076923077 0.03365384615384615 0.07451923076923077
0 0.21514423076923078 0.46153846153846156 0.038461538461538464 0.07451923076923077
0 0.1814903846153846 0.4639423076923077 0.036057692307692304 0.0673076923076923
0 0.14423076923076922 0.4579326923076923 0.04326923076923077 0.07692307692307693
0 0.8786057692307693 0.6153846153846154 0.04567307692307692 0.08413461538461539
0 0.8485576923076923 0.6177884615384616 0.04567307692307692 0.07692307692307693
0 0.8137019230769231 0.6189903846153846 0.04326923076923077 0.08173076923076923
0 0.78125 0.6165865384615384 0.04326923076923077 0.07692307692307693
0 0.7475961538461539 0.6225961538461539 0.04326923076923077 0.07692307692307693
0 0.6971153846153846 0.6189903846153846 0.038461538461538464 0.07211538461538461
0 0.6622596153846154 0.6165865384615384 0.040865384615384616 0.07692307692307693
0 0.625 0.6201923076923077 0.04807692307692308 0.08653846153846154
0 0.5925480769230769 0.6201923076923077 0.04326923076923077 0.08173076923076923
0 0.5588942307692307 0.6237980769230769 0.04326923076923077 0.08173076923076923
0 0.5264423076923077 0.6225961538461539 0.036057692307692304 0.08173076923076923
0 0.49038461538461536 0.6237980769230769 0.038461538461538464 0.0889423076923077
0 0.45552884615384615 0.6201923076923077 0.038461538461538464 0.07692307692307693
0 0.4170673076923077 0.6225961538461539 0.036057692307692304 0.08653846153846154
0 0.38100961538461536 0.6201923076923077 0.036057692307692304 0.08173076923076923
0 0.34375 0.6262019230769231 0.038461538461538464 0.08173076923076923
0 0.30528846153846156 0.6274038461538461 0.04326923076923077 0.08413461538461539
0 0.26802884615384615 0.6262019230769231 0.04326923076923077 0.08173076923076923
0 0.22956730769230768 0.625 0.040865384615384616 0.09134615384615384
0 0.19230769230769232 0.6274038461538461 0.04326923076923077 0.09134615384615384
0 0.15625 0.6237980769230769 0.04326923076923077 0.09134615384615384
0 0.11778846153846154 0.6213942307692307 0.04807692307692308 0.0889423076923077
0 0.9423076923076923 0.734375 0.052884615384615384 0.07692307692307693
0 0.9050480769230769 0.7379807692307693 0.057692307692307696 0.08653846153846154
0 0.8629807692307693 0.7403846153846154 0.055288461538461536 0.08653846153846154
1 0.8233173076923077 0.7403846153846154 0.06009615384615385 0.09134615384615384
0 0.78125 0.7379807692307693 0.052884615384615384 0.09375
0 0.7427884615384616 0.7379807692307693 0.052884615384615384 0.0889423076923077
0 0.6983173076923077 0.7367788461538461 0.052884615384615384 0.08173076923076923
0 0.6538461538461539 0.7403846153846154 0.052884615384615384 0.08173076923076923
0 0.6117788461538461 0.7475961538461539 0.052884615384615384 0.08413461538461539
0 0.5685096153846154 0.7427884615384616 0.04807692307692308 0.08173076923076923
0 0.5264423076923077 0.7451923076923077 0.04326923076923077 0.08653846153846154
0 0.4855769230769231 0.7487980769230769 0.04807692307692308 0.0889423076923077