0 0.7956730769230769 0.3173076923076923 0.04326923076923077 0.0673076923076923
0 0.7704326923076923 0.3161057692307692 0.04326923076923077 0.07211538461538461
0 0.7439903846153846 0.3137019230769231 0.040865384615384616 0.06971153846153846
0 0.7199519230769231 0.3088942307692308 0.04326923076923077 0.07211538461538461
0 0.6947115384615384 0.3088942307692308 0.040865384615384616 0.0673076923076923
0 0.6538461538461539 0.29927884615384615 0.040865384615384616 0.06971153846153846
0 0.6262019230769231 0.296875 0.03365384615384615 0.0625
0 0.5997596153846154 0.2956730769230769 0.03365384615384615 0.0673076923076923
0 0.5757211538461539 0.28966346153846156 0.03365384615384615 0.0673076923076923
0 0.5492788461538461 0.28846153846153844 0.036057692307692304 0.06490384615384616
0 0.5240384615384616 0.2824519230769231 0.03125 0.057692307692307696
0 0.49759615384615385 0.27884615384615385 0.03365384615384615 0.06009615384615385
0 0.4699519230769231 0.27163461538461536 0.03125 0.055288461538461536
0 0.4423076923076923 0.2692307692307692 0.036057692307692304 0.0625
0 0.41225961538461536 0.265625 0.03125 0.0625
0 0.3870192307692308 0.2608173076923077 0.03365384615384615 0.057692307692307696
0 0.3581730769230769 0.25721153846153844 0.03365384615384615 0.057692307692307696
0 0.3293269230769231 0.25 0.03365384615384615 0.055288461538461536
0 0.2980769230769231 0.24879807692307693 0.038461538461538464 0.06009615384615385
0 0.2704326923076923 0.24158653846153846 0.036057692307692304 0.0673076923076923
0 0.2439903846153846 0.23798076923076922 0.038461538461538464 0.057692307692307696
0 0.21394230769230768 0.23197115384615385 0.04326923076923077 0.0673076923076923
0 0.8209134615384616 0.43509615384615385 0.04807692307692308 0.06490384615384616
0 0.7944711538461539 0.43028846153846156 0.05048076923076923 0.0673076923076923
0 0.7680288461538461 0.43028846153846156 0.04567307692307692 0.06971153846153846
0 0.7355769230769231 0.4254807692307692 0.04807692307692308 0.0625
0 0.7043269230769231 0.4230769230769231 0.04326923076923077 0.06490384615384616
0 0.6658653846153846 0.4170673076923077 0.04326923076923077 0.0625
0 0.6418269230769231 0.41466346153846156 0.04326923076923077 0.06490384615384616
0 0.6069711538461539 0.40384615384615385 0.040865384615384616 0.0625
0 0.5805288461538461 0.40384615384615385 0.040865384615384616 0.0625
0 0.5528846153846154 0.39903846153846156 0.04326923076923077 0.0673076923076923
0 0.5216346153846154 0.3942307692307692 0.040865384615384616 0.06490384615384616
0 0.4951923076923077 0.3918269230769231 0.038461538461538464 0.0625
0 0.4639423076923077 0.3858173076923077 0.038461538461538464 0.07211538461538461
0 0.4326923076923077 0.38341346153846156 0.036057692307692304 0.0625
0 0.40384615384615385 0.3762019230769231 0.04326923076923077 0.06971153846153846
0 0.3701923076923077 0.36778846153846156 0.040865384615384616 0.07692307692307693
0 0.33774038461538464 0.36899038461538464 0.040865384615384616 0.07692307692307693
0 0.3076923076923077 0.36177884615384615 0.04567307692307692 0.07932692307692307
0 0.2764423076923077 0.359375 0.040865384615384616 0.07211538461538461
0 0.24278846153846154 0.3557692307692308 0.04807692307692308 0.07932692307692307
0 0.2091346153846154 0.35096153846153844 0.04326923076923077 0.07451923076923077
0 0.17668269230769232 0.3473557692307692 0.04567307692307692 0.07211538461538461
0 0.8341346153846154 0.5 0.04567307692307692 0.08413461538461539
0 0.8040865384615384 0.49759615384615385 0.055288461538461536 0.08653846153846154
0 0.7776442307692307 0.49038461538461536 0.05048076923076923 0.0889423076923077
0 0.7487980769230769 0.49399038461538464 0.05048076923076923 0.08413461538461539
0 0.71875 0.4879807692307692 0.04807692307692308 0.08653846153846154
0 0.6730769230769231 0.48677884615384615 0.040865384615384616 0.0889423076923077
0 0.6418269230769231 0.4807692307692308 0.052884615384615384 0.0889423076923077
0 0.6141826923076923 0.47836538461538464 0.04807692307692308 0.08173076923076923
0 0.5817307692307693 0.4699519230769231 0.04807692307692308 0.0889423076923077
0 0.5516826923076923 0.47115384615384615 0.040865384615384616 0.07932692307692307
0 0.5180288461538461 0.4675480769230769 0.04326923076923077 0.07932692307692307
0 0.49038461538461536 0.4639423076923077 0.04326923076923077 0.07451923076923077
0 0.45552884615384615 0.4567307692307692 0.036057692307692304 0.07451923076923077
0 0.4254807692307692 0.4543269230769231 0.040865384615384616 0.07451923076923077
0 0.3942307692307692 0.45072115384615385 0.038461538461538464 0.07692307692307693
0 0.36177884615384615 0.44350961538461536 0.040865384615384616 0.07692307692307693
0 0.3269230769230769 0.4423076923076923 0.040865384615384616 0.07451923076923077
0 0.2956730769230769 0.4362980769230769 0.04326923076923077 0.07211538461538461
0 0.2608173076923077 0.4326923076923077 0.04326923076923077 0.07692307692307693
0 0.22956730769230768 0.4266826923076923 0.04807692307692308 0.07932692307692307
0 0.19591346153846154 0.4254807692307692 0.04326923076923077 0.07211538461538461
0 0.15985576923076922 0.41466346153846156 0.05048076923076923 0.07932692307692307
0 0.8689903846153846 0.6598557692307693 0.055288461538461536 0.0889423076923077
0 0.8389423076923077 0.6586538461538461 0.055288461538461536 0.08413461538461539
0 0.8028846153846154 0.65625 0.052884615384615384 0.08653846153846154
0 0.7728365384615384 0.6502403846153846 0.05048076923076923 0.08173076923076923
0 0.7379807692307693 0.6502403846153846 0.05048076923076923 0.07932692307692307
0 0.6887019230769231 0.6418269230769231 0.04807692307692308 0.07692307692307693
0 0.6538461538461539 0.6346153846153846 0.05048076923076923 0.08173076923076923
0 0.6165865384615384 0.6346153846153846 0.06009615384615385 0.09134615384615384
0 0.5841346153846154 0.6298076923076923 0.05048076923076923 0.08413461538461539
0 0.5504807692307693 0.6298076923076923 0.052884615384615384 0.08653846153846154
0 0.5192307692307693 0.6237980769230769 0.04567307692307692 0.08653846153846154
0 0.4831730769230769 0.6213942307692307 0.04807692307692308 0.09375
0 0.44711538461538464 0.6129807692307693 0.04807692307692308 0.08173076923076923
0 0.4098557692307692 0.6105769230769231 0.04567307692307692 0.09134615384615384
0 0.375 0.6045673076923077 0.04567307692307692 0.08653846153846154
0 0.33533653846153844 0.6045673076923077 0.04807692307692308 0.08653846153846154
0 0.2980769230769231 0.6021634615384616 0.052884615384615384 0.0889423076923077
0 0.2620192307692308 0.5949519230769231 0.052884615384615384 0.08653846153846154
0 0.22355769230769232 0.5913461538461539 0.05048076923076923 0.09375
0 0.18629807692307693 0.5889423076923077 0.055288461538461536 0.09615384615384616
0 0.15144230769230768 0.5805288461538461 0.052884615384615384 0.09375
0 0.11298076923076923 0.5733173076923077 0.06009615384615385 0.09375
0 0.9182692307692307 0.7860576923076923 0.0625 0.08173076923076923
0 0.8798076923076923 0.7848557692307693 0.0673076923076923 0.09134615384615384
0 0.8377403846153846 0.7824519230769231 0.06490384615384616 0.09375
1 0.7992788461538461 0.7776442307692307 0.06971153846153846 0.09615384615384616
0 0.7572115384615384 0.7704326923076923 0.06490384615384616 0.0985576923076923
0 0.71875 0.765625 0.06490384615384616 0.09375
0 0.6754807692307693 0.7584134615384616 0.0625 0.08653846153846154
0 0.6310096153846154 0.7572115384615384 0.0625 0.08653846153846154
0 0.5877403846153846 0.7584134615384616 0.0625 0.0889423076923077
0 0.5456730769230769 0.7475961538461539 0.06009615384615385 0.0889423076923077
0 0.5036057692307693 0.7463942307692307 0.052884615384615384 0.09134615384615384
0 0.46274038461538464 0.7451923076923077 0.057692307692307696 0.09375