0 0.26802884615384615 0.24879807692307693 0.04567307692307692 0.06971153846153846
0 0.29447115384615385 0.2548076923076923 0.04567307692307692 0.07451923076923077
0 0.32091346153846156 0.25721153846153844 0.04326923076923077 0.07451923076923077
0 0.34615384615384615 0.25961538461538464 0.04567307692307692 0.07451923076923077
0 0.37259615384615385 0.265625 0.04326923076923077 0.06971153846153846
0 0.41586538461538464 0.2668269230769231 0.04326923076923077 0.07211538461538461
0 0.44471153846153844 0.2704326923076923 0.036057692307692304 0.06490384615384616
0 0.47115384615384615 0.2764423076923077 0.036057692307692304 0.06971153846153846
0 0.49759615384615385 0.2764423076923077 0.036057692307692304 0.06971153846153846
0 0.5240384615384616 0.28125 0.038461538461538464 0.0673076923076923
0 0.5504807692307693 0.2824519230769231 0.03365384615384615 0.06009615384615385
0 0.578125 0.2860576923076923 0.03365384615384615 0.0625
0 0.609375 0.2848557692307692 0.03365384615384615 0.057692307692307696
0 0.6370192307692307 0.28846153846153844 0.038461538461538464 0.06490384615384616
0 0.6670673076923077 0.2920673076923077 0.03365384615384615 0.06490384615384616
0 0.6947115384615384 0.2932692307692308 0.036057692307692304 0.06009615384615385
0 0.7247596153846154 0.2980769230769231 0.036057692307692304 0.06009615384615385
0 0.7548076923076923 0.29927884615384615 0.036057692307692304 0.057692307692307696
0 0.7872596153846154 0.30528846153846156 0.038461538461538464 0.0625
0 0.8173076923076923 0.30528846153846156 0.038461538461538464 0.06971153846153846
0 0.8449519230769231 0.3088942307692308 0.038461538461538464 0.06009615384615385
0 0.8762019230769231 0.3088942307692308 0.04567307692307692 0.06971153846153846
0 0.21394230769230768 0.3605769230769231 0.052884615384615384 0.0673076923076923
0 0.24158653846153846 0.3629807692307692 0.05048076923076923 0.06971153846153846
0 0.2692307692307692 0.36899038461538464 0.04807692307692308 0.07211538461538461
0 0.30288461538461536 0.37259615384615385 0.04807692307692308 0.06490384615384616
0 0.33413461538461536 0.37740384615384615 0.04567307692307692 0.0673076923076923
0 0.3737980769230769 0.38221153846153844 0.04326923076923077 0.06490384615384616
0 0.40024038461538464 0.38461538461538464 0.04567307692307692 0.0673076923076923
0 0.4362980769230769 0.38341346153846156 0.040865384615384616 0.06490384615384616
0 0.4639423076923077 0.3894230769230769 0.040865384615384616 0.06490384615384616
0 0.49399038461538464 0.3918269230769231 0.04567307692307692 0.06971153846153846
0 0.5264423076923077 0.3942307692307692 0.040865384615384616 0.0673076923076923
0 0.5528846153846154 0.39903846153846156 0.040865384615384616 0.06490384615384616
0 0.5865384615384616 0.4014423076923077 0.038461538461538464 0.07451923076923077
0 0.6165865384615384 0.40625 0.038461538461538464 0.06490384615384616
0 0.6478365384615384 0.40625 0.04326923076923077 0.07211538461538461
0 0.6850961538461539 0.40625 0.040865384615384616 0.07932692307692307
0 0.7163461538461539 0.41466346153846156 0.040865384615384616 0.07932692307692307
0 0.7487980769230769 0.41586538461538464 0.04567307692307692 0.08173076923076923
0 0.7824519230769231 0.421875 0.04326923076923077 0.07692307692307693
0 0.8149038461538461 0.4266826923076923 0.04807692307692308 0.08173076923076923
0 0.8497596153846154 0.42908653846153844 0.04326923076923077 0.07932692307692307
0 0.8846153846153846 0.43509615384615385 0.04567307692307692 0.07451923076923077
0 0.18509615384615385 0.4230769230769231 0.04807692307692308 0.08653846153846154
0 0.21394230769230768 0.42908653846153844 0.057692307692307696 0.0889423076923077
0 0.2439903846153846 0.42788461538461536 0.052884615384615384 0.09134615384615384
0 0.27163461538461536 0.4387019230769231 0.052884615384615384 0.08653846153846154
0 0.30408653846153844 0.4411057692307692 0.04807692307692308 0.0889423076923077
0 0.34975961538461536 0.4495192307692308 0.04326923076923077 0.09134615384615384
0 0.38221153846153844 0.4519230769230769 0.055288461538461536 0.09134615384615384
0 0.4110576923076923 0.4567307692307692 0.05048076923076923 0.08653846153846154
0 0.44591346153846156 0.4567307692307692 0.05048076923076923 0.09134615384615384
0 0.47475961538461536 0.4639423076923077 0.040865384615384616 0.08173076923076923
0 0.5096153846153846 0.46875 0.04326923076923077 0.08173076923076923
0 0.5408653846153846 0.4735576923076923 0.04326923076923077 0.07932692307692307
0 0.5757211538461539 0.47475961538461536 0.036057692307692304 0.07692307692307693
0 0.6069711538461539 0.4807692307692308 0.04326923076923077 0.07692307692307693
0 0.640625 0.4831730769230769 0.038461538461538464 0.07932692307692307
0 0.6754807692307693 0.4855769230769231 0.040865384615384616 0.07932692307692307
0 0.7091346153846154 0.49278846153846156 0.040865384615384616 0.07692307692307693
0 0.7415865384615384 0.49399038461538464 0.04567307692307692 0.07451923076923077
0 0.7776442307692307 0.4987980769230769 0.04326923076923077 0.08173076923076923
0 0.8125 0.5012019230769231 0.05048076923076923 0.08173076923076923
0 0.8461538461538461 0.5072115384615384 0.04567307692307692 0.07451923076923077
0 0.8846153846153846 0.5060096153846154 0.052884615384615384 0.08413461538461539
0 0.10817307692307693 0.5757211538461539 0.057692307692307696 0.09375
0 0.13822115384615385 0.5817307692307693 0.057692307692307696 0.08653846153846154
0 0.17548076923076922 0.5877403846153846 0.057692307692307696 0.0889423076923077
0 0.2091346153846154 0.5889423076923077 0.052884615384615384 0.08653846153846154
0 0.24158653846153846 0.5985576923076923 0.052884615384615384 0.08413461538461539
0 0.2956730769230769 0.6021634615384616 0.05048076923076923 0.07932692307692307
0 0.3317307692307692 0.6045673076923077 0.052884615384615384 0.08653846153846154
0 0.36899038461538464 0.6117788461538461 0.06009615384615385 0.09375
0 0.4026442307692308 0.6165865384615384 0.052884615384615384 0.08653846153846154
0 0.4375 0.6237980769230769 0.052884615384615384 0.0889423076923077
0 0.47115384615384615 0.6274038461538461 0.04807692307692308 0.0889423076923077
0 0.5072115384615384 0.6346153846153846 0.05048076923076923 0.09615384615384616
0 0.5444711538461539 0.6346153846153846 0.05048076923076923 0.08653846153846154
0 0.5829326923076923 0.640625 0.04807692307692308 0.09375
0 0.6201923076923077 0.6430288461538461 0.04807692307692308 0.09134615384615384
0 0.6586538461538461 0.6538461538461539 0.04807692307692308 0.09134615384615384
0 0.6983173076923077 0.6610576923076923 0.052884615384615384 0.09134615384615384
0 0.7367788461538461 0.6634615384615384 0.055288461538461536 0.09134615384615384
0 0.7764423076923077 0.6670673076923077 0.052884615384615384 0.0985576923076923
0 0.8137019230769231 0.6754807692307693 0.057692307692307696 0.10096153846153846
0 0.8521634615384616 0.6754807692307693 0.055288461538461536 0.0985576923076923
0 0.8918269230769231 0.6778846153846154 0.06009615384615385 0.09615384615384616
0 0.030048076923076924 0.6887019230769231 0.06009615384615385 0.08413461538461539
0 0.06490384615384616 0.6983173076923077 0.0673076923076923 0.09615384615384616
0 0.109375 0.7067307692307693 0.0673076923076923 0.09615384615384616
1 0.14903846153846154 0.7115384615384616 0.07451923076923077 0.10096153846153846
0 0.1935096153846154 0.7139423076923077 0.0673076923076923 0.10336538461538461
0 0.23317307692307693 0.71875 0.06490384615384616 0.0985576923076923
0 0.27884615384615385 0.7235576923076923 0.06490384615384616 0.0889423076923077
0 0.3245192307692308 0.7331730769230769 0.06490384615384616 0.0889423076923077
0 0.36658653846153844 0.7451923076923077 0.06490384615384616 0.09375
0 0.41346153846153844 0.7463942307692307 0.0625 0.09134615384615384
0 0.45552884615384615 0.7548076923076923 0.052884615384615384 0.09375
0 0.4963942307692308 0.7632211538461539 0.057692307692307696 0.09615384615384616