0 0.2608173076923077 0.22956730769230768 0.05048076923076923 0.07451923076923077
0 0.28725961538461536 0.23557692307692307 0.05048076923076923 0.07932692307692307
0 0.31490384615384615 0.24158653846153846 0.05048076923076923 0.07692307692307693
0 0.34134615384615385 0.24639423076923078 0.052884615384615384 0.07932692307692307
1 0.36778846153846156 0.2548076923076923 0.04807692307692308 0.07451923076923077
1 0.4110576923076923 0.25961538461538464 0.04807692307692308 0.07451923076923077
1 0.4387019230769231 0.2668269230769231 0.040865384615384616 0.0673076923076923
0 0.4651442307692308 0.27403846153846156 0.040865384615384616 0.07211538461538461
0 0.49158653846153844 0.2776442307692308 0.04326923076923077 0.07211538461538461
1 0.5204326923076923 0.2848557692307692 0.04326923076923077 0.06971153846153846
0 0.546875 0.28725961538461536 0.038461538461538464 0.0625
1 0.5745192307692307 0.2932692307692308 0.040865384615384616 0.06490384615384616
0 0.6045673076923077 0.29447115384615385 0.038461538461538464 0.06009615384615385
0 0.6346153846153846 0.30288461538461536 0.04326923076923077 0.06971153846153846
1 0.6646634615384616 0.3088942307692308 0.038461538461538464 0.0673076923076923
0 0.6935096153846154 0.3125 0.040865384615384616 0.0625
1 0.7223557692307693 0.31850961538461536 0.040865384615384616 0.0625
1 0.7536057692307693 0.3233173076923077 0.040865384615384616 0.06009615384615385
1 0.7848557692307693 0.3317307692307692 0.04326923076923077 0.06490384615384616
0 0.8161057692307693 0.33533653846153844 0.04326923076923077 0.07211538461538461
0 0.84375 0.34134615384615385 0.04567307692307692 0.0625
1 0.875 0.34375 0.05048076923076923 0.07451923076923077
1 0.1971153846153846 0.3389423076923077 0.057692307692307696 0.07211538461538461
0 0.22355769230769232 0.3425480769230769 0.057692307692307696 0.07451923076923077
1 0.2512019230769231 0.35096153846153844 0.055288461538461536 0.07451923076923077
0 0.2860576923076923 0.3581730769230769 0.055288461538461536 0.06971153846153846
1 0.31850961538461536 0.36658653846153844 0.052884615384615384 0.07211538461538461
1 0.35697115384615385 0.3737980769230769 0.04807692307692308 0.0673076923076923
0 0.38341346153846156 0.3798076923076923 0.05048076923076923 0.07211538461538461
1 0.4206730769230769 0.38100961538461536 0.04807692307692308 0.06971153846153846
0 0.4483173076923077 0.3894230769230769 0.04807692307692308 0.0673076923076923
0 0.4795673076923077 0.3942307692307692 0.05048076923076923 0.07451923076923077
0 0.5108173076923077 0.40024038461538464 0.04807692307692308 0.07211538461538461
0 0.5384615384615384 0.40625 0.04567307692307692 0.06971153846153846
0 0.5721153846153846 0.41225961538461536 0.04807692307692308 0.07932692307692307
1 0.6033653846153846 0.41947115384615385 0.04567307692307692 0.06971153846153846
0 0.6358173076923077 0.4230769230769231 0.05048076923076923 0.07451923076923077
0 0.671875 0.4266826923076923 0.04807692307692308 0.08413461538461539
1 0.7043269230769231 0.4387019230769231 0.05048076923076923 0.08413461538461539
0 0.7379807692307693 0.4411057692307692 0.055288461538461536 0.08653846153846154
0 0.7692307692307693 0.45072115384615385 0.05048076923076923 0.07932692307692307
0 0.8040865384615384 0.4579326923076923 0.057692307692307696 0.08653846153846154
0 0.8389423076923077 0.4639423076923077 0.05048076923076923 0.08173076923076923
0 0.8737980769230769 0.4723557692307692 0.052884615384615384 0.07932692307692307
1 0.15985576923076922 0.39783653846153844 0.057692307692307696 0.09134615384615384
1 0.18990384615384615 0.4074519230769231 0.06490384615384616 0.09375
1 0.22115384615384615 0.40865384615384615 0.06009615384615385 0.09615384615384616
1 0.24879807692307693 0.4230769230769231 0.06009615384615385 0.09134615384615384
1 0.28125 0.42788461538461536 0.057692307692307696 0.09375
1 0.3269230769230769 0.4411057692307692 0.05048076923076923 0.09615384615384616
1 0.3605769230769231 0.44591346153846156 0.0625 0.0985576923076923
1 0.3894230769230769 0.453125 0.057692307692307696 0.09134615384615384
0 0.42427884615384615 0.4567307692307692 0.057692307692307696 0.09615384615384616
1 0.4543269230769231 0.46634615384615385 0.04807692307692308 0.08653846153846154
0 0.4891826923076923 0.47475961538461536 0.05048076923076923 0.08653846153846154
1 0.5192307692307693 0.48197115384615385 0.05048076923076923 0.08173076923076923
1 0.5552884615384616 0.48677884615384615 0.04326923076923077 0.07932692307692307
1 0.5853365384615384 0.4951923076923077 0.05048076923076923 0.08173076923076923
1 0.6189903846153846 0.5012019230769231 0.04567307692307692 0.08173076923076923
1 0.6550480769230769 0.5060096153846154 0.04807692307692308 0.08413461538461539
0 0.6899038461538461 0.5168269230769231 0.04807692307692308 0.08173076923076923
1 0.7223557692307693 0.5216346153846154 0.052884615384615384 0.07932692307692307
1 0.7584134615384616 0.5300480769230769 0.05048076923076923 0.08413461538461539
1 0.7932692307692307 0.5336538461538461 0.057692307692307696 0.08653846153846154
1 0.828125 0.5456730769230769 0.052884615384615384 0.07932692307692307
1 0.8677884615384616 0.5456730769230769 0.0625 0.0889423076923077
1 0.06971153846153846 0.546875 0.06490384615384616 0.0985576923076923
0 0.10096153846153846 0.5564903846153846 0.06490384615384616 0.09134615384615384
1 0.13701923076923078 0.5649038461538461 0.06490384615384616 0.09375
1 0.171875 0.5697115384615384 0.06009615384615385 0.09134615384615384
1 0.20432692307692307 0.5829326923076923 0.0625 0.0889423076923077
1 0.25841346153846156 0.5913461538461539 0.057692307692307696 0.08173076923076923
0 0.2956730769230769 0.5961538461538461 0.06009615384615385 0.09134615384615384
1 0.3317307692307692 0.6081730769230769 0.06971153846153846 0.10096153846153846
1 0.36658653846153844 0.6153846153846154 0.06009615384615385 0.09375
1 0.40024038461538464 0.6262019230769231 0.0625 0.09375
1 0.43509615384615385 0.6322115384615384 0.055288461538461536 0.09375
1 0.4723557692307692 0.6430288461538461 0.057692307692307696 0.10096153846153846
1 0.5096153846153846 0.6466346153846154 0.057692307692307696 0.09134615384615384
1 0.5480769230769231 0.65625 0.057692307692307696 0.0985576923076923
1 0.5865384615384616 0.6622596153846154 0.055288461538461536 0.09375
1 0.625 0.6766826923076923 0.057692307692307696 0.09375
1 0.6634615384615384 0.6875 0.0625 0.0985576923076923
0 0.7019230769230769 0.6935096153846154 0.0625 0.09615384615384616
1 0.7427884615384616 0.7019230769230769 0.0625 0.10096153846153846
1 0.7800480769230769 0.7115384615384616 0.0673076923076923 0.10576923076923077
0 0.8197115384615384 0.7151442307692307 0.0625 0.10096153846153846
1 0.859375 0.7223557692307693 0.06971153846153846 0.10336538461538461
0 0.007211538461538462 0.6574519230769231 0.014423076923076924 0.0889423076923077
0 0.026442307692307692 0.6682692307692307 0.052884615384615384 0.10096153846153846
1 0.05889423076923077 0.6814903846153846 0.07692307692307693 0.10336538461538461
0 0.09975961538461539 0.6899038461538461 0.08173076923076923 0.10576923076923077
0 0.14423076923076922 0.6971153846153846 0.07692307692307693 0.11057692307692307
0 0.18509615384615385 0.7055288461538461 0.07451923076923077 0.10336538461538461
1 0.22956730769230768 0.7127403846153846 0.07211538461538461 0.09615384615384616
0 0.2764423076923077 0.7271634615384616 0.07211538461538461 0.09615384615384616
0 0.3173076923076923 0.7439903846153846 0.07211538461538461 0.0985576923076923
1 0.36538461538461536 0.7475961538461539 0.06971153846153846 0.09615384615384616
0 0.4074519230769231 0.7608173076923077 0.0625 0.10096153846153846
1 0.4483173076923077 0.7740384615384616 0.0673076923076923 0.10096153846153846