0 0.18028846153846154 0.33653846153846156 0.05048076923076923 0.07211538461538461
0 0.20552884615384615 0.33413461538461536 0.04807692307692308 0.07692307692307693
0 0.23317307692307693 0.3293269230769231 0.04567307692307692 0.07692307692307693
0 0.25961538461538464 0.3245192307692308 0.05048076923076923 0.07692307692307693
0 0.2848557692307692 0.32091346153846156 0.04567307692307692 0.07211538461538461
1 0.3269230769230769 0.31009615384615385 0.04567307692307692 0.07211538461538461
0 0.3557692307692308 0.30528846153846156 0.038461538461538464 0.0673076923076923
0 0.38221153846153844 0.30408653846153844 0.038461538461538464 0.07211538461538461
0 0.4074519230769231 0.2956730769230769 0.038461538461538464 0.07211538461538461
1 0.43509615384615385 0.2932692307692308 0.040865384615384616 0.06971153846153846
0 0.46153846153846156 0.2860576923076923 0.036057692307692304 0.0625
1 0.4891826923076923 0.28125 0.038461538461538464 0.06490384615384616
0 0.5168269230769231 0.27163461538461536 0.036057692307692304 0.06009615384615385
0 0.546875 0.265625 0.040865384615384616 0.0673076923076923
0 0.5757211538461539 0.2608173076923077 0.036057692307692304 0.0673076923076923
0 0.6033653846153846 0.2548076923076923 0.038461538461538464 0.0625
1 0.6334134615384616 0.24879807692307693 0.038461538461538464 0.0625
1 0.6622596153846154 0.24158653846153846 0.038461538461538464 0.057692307692307696
1 0.6947115384615384 0.23798076923076922 0.04326923076923077 0.0625
0 0.7247596153846154 0.2283653846153846 0.040865384615384616 0.06971153846153846
0 0.75 0.22355769230769232 0.040865384615384616 0.0625
1 0.78125 0.21634615384615385 0.05048076923076923 0.07211538461538461
0 0.1622596153846154 0.46033653846153844 0.055288461538461536 0.06971153846153846
0 0.18870192307692307 0.4543269230769231 0.055288461538461536 0.07211538461538461
1 0.21514423076923078 0.45072115384615385 0.052884615384615384 0.07451923076923077
0 0.24879807692307693 0.44591346153846156 0.052884615384615384 0.0673076923076923
1 0.2824519230769231 0.4423076923076923 0.04807692307692308 0.06971153846153846
1 0.32091346153846156 0.4338942307692308 0.04807692307692308 0.06490384615384616
1 0.3473557692307692 0.42788461538461536 0.04807692307692308 0.06971153846153846
1 0.38221153846153844 0.4170673076923077 0.04567307692307692 0.0673076923076923
0 0.40865384615384615 0.41346153846153844 0.04567307692307692 0.06490384615384616
0 0.4387019230769231 0.4074519230769231 0.04807692307692308 0.07211538461538461
0 0.4699519230769231 0.4014423076923077 0.04326923076923077 0.06971153846153846
0 0.49759615384615385 0.39663461538461536 0.04326923076923077 0.0673076923076923
0 0.5288461538461539 0.3894230769230769 0.04326923076923077 0.07692307692307693
1 0.5612980769230769 0.3858173076923077 0.040865384615384616 0.0673076923076923
0 0.5913461538461539 0.3762019230769231 0.04807692307692308 0.07211538461538461
0 0.6262019230769231 0.36658653846153844 0.04567307692307692 0.07932692307692307
0 0.6610576923076923 0.36538461538461536 0.04567307692307692 0.08173076923076923
0 0.6911057692307693 0.3545673076923077 0.05048076923076923 0.08413461538461539
0 0.7235576923076923 0.35216346153846156 0.04567307692307692 0.07692307692307693
0 0.7584134615384616 0.34615384615384615 0.052884615384615384 0.08413461538461539
0 0.7920673076923077 0.3389423076923077 0.04807692307692308 0.07932692307692307
0 0.8269230769230769 0.33413461538461536 0.05048076923076923 0.07692307692307693
1 0.15144230769230768 0.5288461538461539 0.052884615384615384 0.0889423076923077
1 0.1814903846153846 0.5240384615384616 0.06009615384615385 0.09134615384615384
1 0.2091346153846154 0.515625 0.057692307692307696 0.09375
1 0.23798076923076922 0.5180288461538461 0.057692307692307696 0.09134615384615384
1 0.27163461538461536 0.5108173076923077 0.052884615384615384 0.09134615384615384
1 0.31850961538461536 0.5060096153846154 0.04807692307692308 0.09375
1 0.34975961538461536 0.4987980769230769 0.06009615384615385 0.09375
1 0.3786057692307692 0.4951923076923077 0.052884615384615384 0.08653846153846154
1 0.41225961538461536 0.484375 0.055288461538461536 0.09375
1 0.44350961538461536 0.4831730769230769 0.04567307692307692 0.08413461538461539
1 0.47716346153846156 0.47716346153846156 0.04807692307692308 0.08413461538461539
1 0.5072115384615384 0.4735576923076923 0.04807692307692308 0.07932692307692307
1 0.5420673076923077 0.46274038461538464 0.040865384615384616 0.07932692307692307
1 0.5733173076923077 0.45913461538461536 0.04567307692307692 0.07932692307692307
1 0.6069711538461539 0.453125 0.04326923076923077 0.07932692307692307
1 0.640625 0.44350961538461536 0.04567307692307692 0.07932692307692307
1 0.6754807692307693 0.4411057692307692 0.04567307692307692 0.07932692307692307
0 0.7079326923076923 0.4338942307692308 0.05048076923076923 0.07692307692307693
1 0.7439903846153846 0.42788461538461536 0.04807692307692308 0.08413461538461539
1 0.7764423076923077 0.41947115384615385 0.052884615384615384 0.08413461538461539
1 0.8125 0.41586538461538464 0.04807692307692308 0.07692307692307693
1 0.8473557692307693 0.40384615384615385 0.057692307692307696 0.08653846153846154
1 0.12259615384615384 0.6971153846153846 0.0625 0.09375
1 0.15384615384615385 0.6959134615384616 0.0625 0.0889423076923077
1 0.18990384615384615 0.6887019230769231 0.06009615384615385 0.09134615384615384
1 0.22355769230769232 0.6814903846153846 0.057692307692307696 0.0889423076923077
1 0.25841346153846156 0.6802884615384616 0.057692307692307696 0.08653846153846154
1 0.31009615384615385 0.6682692307692307 0.052884615384615384 0.07932692307692307
1 0.34615384615384615 0.6598557692307693 0.057692307692307696 0.0889423076923077
1 0.38341346153846156 0.6574519230769231 0.06490384615384616 0.09615384615384616
1 0.4182692307692308 0.6514423076923077 0.057692307692307696 0.09134615384615384
1 0.453125 0.6490384615384616 0.057692307692307696 0.09134615384615384
1 0.4855769230769231 0.640625 0.052884615384615384 0.09134615384615384
1 0.5240384615384616 0.6358173076923077 0.052884615384615384 0.0985576923076923
1 0.5588942307692307 0.6262019230769231 0.052884615384615384 0.08653846153846154
1 0.5985576923076923 0.6201923076923077 0.052884615384615384 0.09615384615384616
1 0.6346153846153846 0.6129807692307693 0.052884615384615384 0.09134615384615384
1 0.6742788461538461 0.6117788461538461 0.052884615384615384 0.09134615384615384
1 0.7139423076923077 0.6057692307692307 0.057692307692307696 0.09375
0 0.7524038461538461 0.5985576923076923 0.057692307692307696 0.09375
1 0.7908653846153846 0.5901442307692307 0.057692307692307696 0.10096153846153846
1 0.8305288461538461 0.5853365384615384 0.0625 0.10336538461538461
0 0.8677884615384616 0.5757211538461539 0.057692307692307696 0.10096153846153846
1 0.90625 0.5661057692307693 0.06490384615384616 0.10096153846153846
1 0.07932692307692307 0.8317307692307693 0.0673076923076923 0.08653846153846154
0 0.11778846153846154 0.828125 0.07451923076923077 0.0985576923076923
1 0.16105769230769232 0.8233173076923077 0.07211538461538461 0.10096153846153846
1 0.20192307692307693 0.8161057692307693 0.07692307692307693 0.10336538461538461
0 0.24519230769230768 0.8064903846153846 0.07211538461538461 0.10576923076923077
0 0.2848557692307692 0.7992788461538461 0.07211538461538461 0.10096153846153846
1 0.33052884615384615 0.7896634615384616 0.06971153846153846 0.09134615384615384
0 0.37740384615384615 0.7860576923076923 0.06971153846153846 0.09134615384615384
0 0.4206730769230769 0.7848557692307693 0.0673076923076923 0.09615384615384616
1 0.4651442307692308 0.7716346153846154 0.06490384615384616 0.09375
1 0.5084134615384616 0.7680288461538461 0.057692307692307696 0.0985576923076923
1 0.5504807692307693 0.7644230769230769 0.0625 0.0985576923076923