0 0.84375 0.3233173076923077 0.052884615384615384 0.07451923076923077
0 0.8173076923076923 0.31850961538461536 0.052884615384615384 0.07932692307692307
0 0.7896634615384616 0.3125 0.052884615384615384 0.07932692307692307
0 0.7644230769230769 0.30408653846153844 0.055288461538461536 0.07932692307692307
0 0.7367788461538461 0.3004807692307692 0.05048076923076923 0.07451923076923077
0 0.6959134615384616 0.2860576923076923 0.05048076923076923 0.07451923076923077
0 0.6670673076923077 0.27884615384615385 0.04326923076923077 0.06971153846153846
0 0.6394230769230769 0.27403846153846156 0.04326923076923077 0.07211538461538461
0 0.6141826923076923 0.265625 0.04567307692307692 0.07451923076923077
0 0.5865384615384616 0.2608173076923077 0.04567307692307692 0.07211538461538461
0 0.5612980769230769 0.2512019230769231 0.038461538461538464 0.0625
0 0.5336538461538461 0.24519230769230768 0.04326923076923077 0.0673076923076923
0 0.5048076923076923 0.23197115384615385 0.038461538461538464 0.06009615384615385
0 0.47716346153846156 0.22596153846153846 0.04567307692307692 0.06971153846153846
0 0.44471153846153844 0.21754807692307693 0.040865384615384616 0.0673076923076923
0 0.4182692307692308 0.2091346153846154 0.040865384615384616 0.0625
0 0.38822115384615385 0.20192307692307693 0.040865384615384616 0.0625
0 0.359375 0.19230769230769232 0.040865384615384616 0.06009615384615385
0 0.328125 0.18629807692307693 0.04567307692307692 0.0673076923076923
0 0.2980769230769231 0.17427884615384615 0.04567307692307692 0.07211538461538461
0 0.27163461538461536 0.16826923076923078 0.04567307692307692 0.06490384615384616
0 0.2403846153846154 0.15745192307692307 0.052884615384615384 0.07451923076923077
0 0.8533653846153846 0.45072115384615385 0.06009615384615385 0.07211538461538461
0 0.8269230769230769 0.4423076923076923 0.06009615384615385 0.07692307692307693
0 0.7992788461538461 0.4375 0.055288461538461536 0.07692307692307693
0 0.765625 0.42908653846153844 0.057692307692307696 0.07211538461538461
0 0.7319711538461539 0.4230769230769231 0.055288461538461536 0.07451923076923077
0 0.6935096153846154 0.41225961538461536 0.05048076923076923 0.0673076923076923
0 0.6670673076923077 0.40384615384615385 0.052884615384615384 0.07211538461538461
0 0.6334134615384616 0.390625 0.05048076923076923 0.06971153846153846
0 0.6057692307692307 0.38461538461538464 0.05048076923076923 0.0673076923076923
0 0.5757211538461539 0.3762019230769231 0.052884615384615384 0.07451923076923077
0 0.5444711538461539 0.36899038461538464 0.05048076923076923 0.07211538461538461
0 0.515625 0.36177884615384615 0.04807692307692308 0.06971153846153846
0 0.4831730769230769 0.35216346153846156 0.04807692307692308 0.07932692307692307
0 0.4519230769230769 0.3449519230769231 0.04807692307692308 0.06971153846153846
0 0.421875 0.33413461538461536 0.052884615384615384 0.07451923076923077
0 0.3870192307692308 0.32091346153846156 0.05048076923076923 0.08413461538461539
0 0.35336538461538464 0.31850961538461536 0.052884615384615384 0.08413461538461539
0 0.3233173076923077 0.30649038461538464 0.057692307692307696 0.08653846153846154
0 0.28966346153846156 0.3004807692307692 0.052884615384615384 0.08173076923076923
0 0.25600961538461536 0.2920673076923077 0.06009615384615385 0.0889423076923077
0 0.22115384615384615 0.28125 0.052884615384615384 0.08173076923076923
0 0.1875 0.27403846153846156 0.055288461538461536 0.07932692307692307
0 0.859375 0.5192307692307693 0.06009615384615385 0.09134615384615384
0 0.828125 0.5132211538461539 0.0673076923076923 0.09615384615384616
0 0.8016826923076923 0.5036057692307693 0.06490384615384616 0.0985576923076923
0 0.7704326923076923 0.5036057692307693 0.0625 0.09375
0 0.7391826923076923 0.49399038461538464 0.06009615384615385 0.09375
0 0.6923076923076923 0.4855769230769231 0.052884615384615384 0.09615384615384616
0 0.6598557692307693 0.47596153846153844 0.0673076923076923 0.0985576923076923
0 0.6298076923076923 0.46875 0.06009615384615385 0.09134615384615384
0 0.5973557692307693 0.4567307692307692 0.0625 0.09615384615384616
0 0.5661057692307693 0.453125 0.05048076923076923 0.08653846153846154
0 0.53125 0.44471153846153844 0.052884615384615384 0.08653846153846154
0 0.5 0.4387019230769231 0.052884615384615384 0.08173076923076923
0 0.46634615384615385 0.4254807692307692 0.04567307692307692 0.07932692307692307
0 0.43509615384615385 0.41947115384615385 0.052884615384615384 0.08173076923076923
0 0.4014423076923077 0.4110576923076923 0.04807692307692308 0.08413461538461539
0 0.36899038461538464 0.39903846153846156 0.05048076923076923 0.08413461538461539
0 0.3329326923076923 0.3942307692307692 0.05048076923076923 0.08173076923076923
0 0.3004807692307692 0.38461538461538464 0.055288461538461536 0.07932692307692307
0 0.2644230769230769 0.3762019230769231 0.052884615384615384 0.08653846153846154
0 0.23197115384615385 0.36538461538461536 0.06009615384615385 0.08653846153846154
0 0.19591346153846154 0.3581730769230769 0.052884615384615384 0.07932692307692307
0 0.15985576923076922 0.34375 0.06490384615384616 0.0889423076923077
0 0.8762019230769231 0.6947115384615384 0.0673076923076923 0.0985576923076923
0 0.8449519230769231 0.6887019230769231 0.0673076923076923 0.09375
0 0.8064903846153846 0.6802884615384616 0.0673076923076923 0.09375
0 0.7752403846153846 0.6694711538461539 0.0625 0.09134615384615384
0 0.7391826923076923 0.6670673076923077 0.06490384615384616 0.0889423076923077
0 0.6862980769230769 0.6502403846153846 0.06009615384615385 0.08413461538461539
0 0.6526442307692307 0.6394230769230769 0.0625 0.09134615384615384
0 0.6141826923076923 0.6334134615384616 0.07211538461538461 0.10096153846153846
0 0.5805288461538461 0.625 0.06490384615384616 0.09375
0 0.5444711538461539 0.6201923076923077 0.06490384615384616 0.09375
0 0.5108173076923077 0.6105769230769231 0.057692307692307696 0.09375
0 0.4723557692307692 0.6033653846153846 0.06009615384615385 0.10096153846153846
0 0.4375 0.5913461538461539 0.06009615384615385 0.09134615384615384
0 0.39783653846153844 0.5817307692307693 0.06009615384615385 0.0985576923076923
0 0.36177884615384615 0.5709134615384616 0.057692307692307696 0.09375
0 0.32091346153846156 0.5673076923076923 0.06009615384615385 0.09375
0 0.2824519230769231 0.5600961538461539 0.06490384615384616 0.0985576923076923
0 0.24278846153846154 0.546875 0.06490384615384616 0.09615384615384616
0 0.20432692307692307 0.5360576923076923 0.06490384615384616 0.10336538461538461
0 0.1658653846153846 0.5300480769230769 0.06971153846153846 0.10817307692307693
0 0.12980769230769232 0.5168269230769231 0.0673076923076923 0.10336538461538461
0 0.09014423076923077 0.5048076923076923 0.07211538461538461 0.10336538461538461
0 0.90625 0.8317307692307693 0.0673076923076923 0.0889423076923077
0 0.8713942307692307 0.8269230769230769 0.07932692307692307 0.10336538461538461
0 0.828125 0.8185096153846154 0.07932692307692307 0.10336538461538461
1 0.7872596153846154 0.8076923076923077 0.08413461538461539 0.10817307692307693
0 0.7439903846153846 0.7944711538461539 0.07932692307692307 0.11057692307692307
0 0.7043269230769231 0.7848557692307693 0.07692307692307693 0.10576923076923077
0 0.6586538461538461 0.7728365384615384 0.07451923076923077 0.09615384615384616
0 0.6105769230769231 0.765625 0.07451923076923077 0.09615384615384616
0 0.5673076923076923 0.7608173076923077 0.07451923076923077 0.10096153846153846
0 0.5228365384615384 0.7451923076923077 0.07211538461538461 0.0985576923076923
0 0.4795673076923077 0.7379807692307693 0.06490384615384616 0.10096153846153846
0 0.4362980769230769 0.7307692307692307 0.06971153846153846 0.10336538461538461