0 0.25841346153846156 0.2512019230769231 0.04326923076923077 0.0673076923076923
0 0.2824519230769231 0.25600961538461536 0.04326923076923077 0.07211538461538461
0 0.3088942307692308 0.25961538461538464 0.040865384615384616 0.06971153846153846
0 0.33413461538461536 0.2620192307692308 0.04326923076923077 0.07211538461538461
0 0.359375 0.2668269230769231 0.040865384615384616 0.0673076923076923
1 0.40024038461538464 0.26802884615384615 0.040865384615384616 0.06971153846153846
0 0.42908653846153844 0.27163461538461536 0.03365384615384615 0.0625
0 0.453125 0.2776442307692308 0.03365384615384615 0.0673076923076923
0 0.47836538461538464 0.2776442307692308 0.03365384615384615 0.0673076923076923
1 0.5048076923076923 0.2824519230769231 0.036057692307692304 0.06490384615384616
0 0.5300480769230769 0.28365384615384615 0.03125 0.057692307692307696
1 0.5576923076923077 0.28725961538461536 0.03365384615384615 0.06009615384615385
0 0.5853365384615384 0.2848557692307692 0.03125 0.055288461538461536
0 0.6141826923076923 0.28966346153846156 0.036057692307692304 0.0625
0 0.6430288461538461 0.2932692307692308 0.03125 0.0625
0 0.6694711538461539 0.2956730769230769 0.03365384615384615 0.057692307692307696
1 0.6995192307692307 0.29927884615384615 0.03365384615384615 0.057692307692307696
1 0.7271634615384616 0.29927884615384615 0.03365384615384615 0.055288461538461536
1 0.7572115384615384 0.30528846153846156 0.038461538461538464 0.06009615384615385
0 0.7884615384615384 0.30528846153846156 0.036057692307692304 0.0673076923076923
0 0.8125 0.3088942307692308 0.038461538461538464 0.057692307692307696
1 0.8425480769230769 0.31009615384615385 0.04326923076923077 0.0673076923076923
0 0.20673076923076922 0.359375 0.04807692307692308 0.06490384615384616
0 0.23197115384615385 0.36177884615384615 0.05048076923076923 0.0673076923076923
1 0.25841346153846156 0.36778846153846156 0.04567307692307692 0.06971153846153846
0 0.29086538461538464 0.3713942307692308 0.04807692307692308 0.0625
1 0.32211538461538464 0.3762019230769231 0.04326923076923077 0.06490384615384616
1 0.359375 0.3798076923076923 0.04326923076923077 0.0625
1 0.38461538461538464 0.38341346153846156 0.04326923076923077 0.06490384615384616
1 0.4206730769230769 0.38100961538461536 0.040865384615384616 0.0625
0 0.44591346153846156 0.3870192307692308 0.040865384615384616 0.0625
0 0.47596153846153844 0.3894230769230769 0.04326923076923077 0.0673076923076923
0 0.5060096153846154 0.3918269230769231 0.040865384615384616 0.06490384615384616
0 0.5324519230769231 0.39663461538461536 0.038461538461538464 0.0625
0 0.5649038461538461 0.39783653846153844 0.038461538461538464 0.07211538461538461
1 0.59375 0.40384615384615385 0.036057692307692304 0.0625
0 0.625 0.40384615384615385 0.04326923076923077 0.06971153846153846
0 0.6598557692307693 0.40384615384615385 0.040865384615384616 0.07692307692307693
0 0.6911057692307693 0.41225961538461536 0.040865384615384616 0.07692307692307693
0 0.7211538461538461 0.41225961538461536 0.04567307692307692 0.07932692307692307
0 0.7536057692307693 0.4182692307692308 0.040865384615384616 0.07211538461538461
0 0.7860576923076923 0.421875 0.04807692307692308 0.07932692307692307
0 0.8197115384615384 0.4254807692307692 0.04326923076923077 0.07451923076923077
0 0.8521634615384616 0.43028846153846156 0.04567307692307692 0.07211538461538461
0 0.1778846153846154 0.41947115384615385 0.04567307692307692 0.08413461538461539
1 0.20673076923076922 0.42427884615384615 0.055288461538461536 0.08653846153846154
1 0.234375 0.42427884615384615 0.05048076923076923 0.0889423076923077
1 0.2608173076923077 0.4338942307692308 0.05048076923076923 0.08413461538461539
1 0.2920673076923077 0.4362980769230769 0.04807692307692308 0.08653846153846154
1 0.33774038461538464 0.44471153846153844 0.040865384615384616 0.0889423076923077
1 0.36899038461538464 0.44711538461538464 0.052884615384615384 0.0889423076923077
1 0.3954326923076923 0.4519230769230769 0.04807692307692308 0.08173076923076923
1 0.42908653846153844 0.4519230769230769 0.04807692307692308 0.0889423076923077
1 0.45913461538461536 0.46033653846153844 0.040865384615384616 0.07932692307692307
1 0.49158653846153844 0.4639423076923077 0.04326923076923077 0.07932692307692307
1 0.5204326923076923 0.4675480769230769 0.04326923076923077 0.07451923076923077
1 0.5540865384615384 0.46875 0.036057692307692304 0.07451923076923077
0 0.5841346153846154 0.4735576923076923 0.040865384615384616 0.07451923076923077
1 0.6165865384615384 0.47836538461538464 0.038461538461538464 0.07692307692307693
1 0.6502403846153846 0.47836538461538464 0.040865384615384616 0.07692307692307693
1 0.6838942307692307 0.48677884615384615 0.040865384615384616 0.07451923076923077
0 0.7151442307692307 0.4879807692307692 0.04326923076923077 0.07211538461538461
1 0.7487980769230769 0.49278846153846156 0.04326923076923077 0.07692307692307693
0 0.7824519230769231 0.4951923076923077 0.04807692307692308 0.07932692307692307
1 0.8161057692307693 0.5012019230769231 0.04326923076923077 0.07211538461538461
1 0.8521634615384616 0.5 0.05048076923076923 0.07932692307692307
1 0.1045673076923077 0.5661057692307693 0.055288461538461536 0.0889423076923077
1 0.13341346153846154 0.5721153846153846 0.055288461538461536 0.08413461538461539
1 0.16947115384615385 0.578125 0.052884615384615384 0.08653846153846154
1 0.20192307692307693 0.5793269230769231 0.05048076923076923 0.08173076923076923
1 0.23317307692307693 0.5889423076923077 0.05048076923076923 0.07932692307692307
1 0.2848557692307692 0.5925480769230769 0.04807692307692308 0.07692307692307693
1 0.31971153846153844 0.59375 0.05048076923076923 0.08173076923076923
1 0.3557692307692308 0.6021634615384616 0.06009615384615385 0.09134615384615384
1 0.38822115384615385 0.6057692307692307 0.05048076923076923 0.08413461538461539
1 0.4206730769230769 0.6141826923076923 0.052884615384615384 0.08653846153846154
1 0.4543269230769231 0.6153846153846154 0.04567307692307692 0.08653846153846154
1 0.49038461538461536 0.6225961538461539 0.04807692307692308 0.09375
1 0.5252403846153846 0.6225961538461539 0.04807692307692308 0.08173076923076923
1 0.5612980769230769 0.6286057692307693 0.04567307692307692 0.09134615384615384
1 0.5973557692307693 0.6322115384615384 0.04567307692307692 0.08653846153846154
1 0.6358173076923077 0.6418269230769231 0.04807692307692308 0.08653846153846154
1 0.671875 0.6478365384615384 0.052884615384615384 0.0889423076923077
0 0.7103365384615384 0.6502403846153846 0.052884615384615384 0.08653846153846154
1 0.7475961538461539 0.6550480769230769 0.05048076923076923 0.09375
1 0.7836538461538461 0.6622596153846154 0.055288461538461536 0.09615384615384616
0 0.8209134615384616 0.6634615384615384 0.052884615384615384 0.09375
1 0.8581730769230769 0.6646634615384616 0.06009615384615385 0.09375
1 0.028846153846153848 0.6754807692307693 0.057692307692307696 0.08173076923076923
0 0.06370192307692307 0.6850961538461539 0.0673076923076923 0.09134615384615384
1 0.1045673076923077 0.6923076923076923 0.06490384615384616 0.09375
1 0.14423076923076922 0.6971153846153846 0.06971153846153846 0.09615384615384616
0 0.1875 0.7007211538461539 0.06490384615384616 0.0985576923076923
0 0.22596153846153846 0.7043269230769231 0.06490384615384616 0.09375
0 0.26802884615384615 0.7091346153846154 0.0625 0.08653846153846154
0 0.3137019230769231 0.7175480769230769 0.0625 0.08653846153846154
0 0.35336538461538464 0.7295673076923077 0.0625 0.0889423076923077
1 0.39783653846153844 0.7295673076923077 0.06009615384615385 0.0889423076923077
1 0.4375 0.7379807692307693 0.052884615384615384 0.09134615384615384
1 0.47836538461538464 0.7463942307692307 0.057692307692307696 0.09375