0 0.20673076923076922 0.3317307692307692 0.04567307692307692 0.07211538461538461
0 0.23317307692307693 0.33052884615384615 0.04567307692307692 0.07451923076923077
0 0.2620192307692308 0.328125 0.04326923076923077 0.07451923076923077
0 0.28846153846153844 0.3245192307692308 0.04567307692307692 0.07692307692307693
0 0.3161057692307692 0.3233173076923077 0.04326923076923077 0.06971153846153846
0 0.3581730769230769 0.31490384615384615 0.040865384615384616 0.07211538461538461
0 0.38822115384615385 0.3125 0.036057692307692304 0.0673076923076923
0 0.41586538461538464 0.3112980769230769 0.03365384615384615 0.07211538461538461
0 0.4423076923076923 0.30649038461538464 0.036057692307692304 0.07211538461538461
1 0.4699519230769231 0.30528846153846156 0.036057692307692304 0.06971153846153846
0 0.49759615384615385 0.29927884615384615 0.03125 0.06009615384615385
1 0.5240384615384616 0.296875 0.036057692307692304 0.06490384615384616
0 0.5552884615384616 0.28846153846153844 0.03125 0.06009615384615385
0 0.5841346153846154 0.2860576923076923 0.038461538461538464 0.0673076923076923
0 0.6153846153846154 0.2824519230769231 0.03365384615384615 0.0673076923076923
0 0.6430288461538461 0.27884615384615385 0.03365384615384615 0.06009615384615385
1 0.6742788461538461 0.27524038461538464 0.03365384615384615 0.06009615384615385
1 0.7043269230769231 0.2692307692307692 0.03365384615384615 0.057692307692307696
1 0.7367788461538461 0.26802884615384615 0.038461538461538464 0.0625
0 0.7668269230769231 0.2620192307692308 0.036057692307692304 0.06971153846153846
0 0.7944711538461539 0.25841346153846156 0.038461538461538464 0.06009615384615385
1 0.8269230769230769 0.2512019230769231 0.04567307692307692 0.07211538461538461
0 0.18028846153846154 0.4567307692307692 0.052884615384615384 0.0673076923076923
0 0.20793269230769232 0.4519230769230769 0.05048076923076923 0.07211538461538461
1 0.23557692307692307 0.4519230769230769 0.04807692307692308 0.07211538461538461
0 0.2692307692307692 0.4483173076923077 0.05048076923076923 0.0673076923076923
0 0.30288461538461536 0.44591346153846156 0.04567307692307692 0.06971153846153846
1 0.3425480769230769 0.43990384615384615 0.04326923076923077 0.06490384615384616
1 0.3701923076923077 0.4375 0.04326923076923077 0.06971153846153846
1 0.4050480769230769 0.42788461538461536 0.04326923076923077 0.06490384615384616
0 0.4338942307692308 0.4266826923076923 0.04326923076923077 0.06490384615384616
0 0.4651442307692308 0.421875 0.04326923076923077 0.06971153846153846
0 0.49759615384615385 0.4182692307692308 0.040865384615384616 0.06971153846153846
0 0.5264423076923077 0.41466346153846156 0.040865384615384616 0.0673076923076923
0 0.5588942307692307 0.4098557692307692 0.040865384615384616 0.07692307692307693
1 0.5913461538461539 0.40865384615384615 0.038461538461538464 0.0673076923076923
0 0.6225961538461539 0.4014423076923077 0.04326923076923077 0.07211538461538461
0 0.6586538461538461 0.39302884615384615 0.040865384615384616 0.08173076923076923
0 0.6935096153846154 0.3954326923076923 0.040865384615384616 0.08173076923076923
0 0.7247596153846154 0.3870192307692308 0.04567307692307692 0.08173076923076923
0 0.7584134615384616 0.3858173076923077 0.04326923076923077 0.07692307692307693
0 0.7932692307692307 0.38221153846153844 0.04807692307692308 0.08413461538461539
0 0.8293269230769231 0.37740384615384615 0.04326923076923077 0.07932692307692307
0 0.8641826923076923 0.375 0.04807692307692308 0.07692307692307693
0 0.16466346153846154 0.5240384615384616 0.04807692307692308 0.0889423076923077
0 0.19591346153846154 0.5240384615384616 0.057692307692307696 0.09134615384615384
1 0.22355769230769232 0.515625 0.052884615384615384 0.09375
1 0.2548076923076923 0.5204326923076923 0.052884615384615384 0.0889423076923077
1 0.2860576923076923 0.515625 0.04807692307692308 0.09134615384615384
1 0.33413461538461536 0.5132211538461539 0.040865384615384616 0.09375
0 0.36778846153846156 0.5084134615384616 0.055288461538461536 0.09375
1 0.39783653846153844 0.5060096153846154 0.05048076923076923 0.0889423076923077
1 0.4326923076923077 0.4987980769230769 0.05048076923076923 0.09375
1 0.4639423076923077 0.4987980769230769 0.040865384615384616 0.08413461538461539
1 0.5 0.4951923076923077 0.04326923076923077 0.08413461538461539
1 0.53125 0.49278846153846156 0.04326923076923077 0.07932692307692307
1 0.5661057692307693 0.4855769230769231 0.036057692307692304 0.07932692307692307
0 0.5985576923076923 0.484375 0.04326923076923077 0.07932692307692307
1 0.6322115384615384 0.4795673076923077 0.038461538461538464 0.08173076923076923
1 0.6670673076923077 0.4735576923076923 0.040865384615384616 0.08173076923076923
1 0.703125 0.4735576923076923 0.040865384615384616 0.07932692307692307
0 0.7355769230769231 0.4675480769230769 0.04567307692307692 0.07692307692307693
1 0.7728365384615384 0.4639423076923077 0.04326923076923077 0.08173076923076923
0 0.8076923076923077 0.4579326923076923 0.05048076923076923 0.08413461538461539
1 0.84375 0.4567307692307692 0.04567307692307692 0.07692307692307693
0 0.8810096153846154 0.44711538461538464 0.052884615384615384 0.08413461538461539
0 0.12259615384615384 0.6947115384615384 0.057692307692307696 0.09375
1 0.15504807692307693 0.6935096153846154 0.057692307692307696 0.0889423076923077
0 0.1935096153846154 0.6911057692307693 0.057692307692307696 0.0889423076923077
1 0.22716346153846154 0.6850961538461539 0.052884615384615384 0.0889423076923077
1 0.2620192307692308 0.6875 0.052884615384615384 0.08413461538461539
1 0.3161057692307692 0.6778846153846154 0.05048076923076923 0.07932692307692307
1 0.35216346153846156 0.671875 0.052884615384615384 0.0889423076923077
0 0.390625 0.6706730769230769 0.06009615384615385 0.09615384615384616
1 0.4254807692307692 0.6670673076923077 0.052884615384615384 0.0889423076923077
1 0.46153846153846156 0.6670673076923077 0.052884615384615384 0.09134615384615384
0 0.4963942307692308 0.6622596153846154 0.04807692307692308 0.0889423076923077
1 0.5348557692307693 0.6610576923076923 0.04807692307692308 0.0985576923076923
1 0.5721153846153846 0.6526442307692307 0.05048076923076923 0.0889423076923077
1 0.6129807692307693 0.6502403846153846 0.04807692307692308 0.09615384615384616
1 0.6490384615384616 0.6442307692307693 0.04807692307692308 0.09134615384615384
1 0.6911057692307693 0.6454326923076923 0.04807692307692308 0.09134615384615384
1 0.7307692307692307 0.6442307692307693 0.052884615384615384 0.09375
0 0.7692307692307693 0.6370192307692307 0.055288461538461536 0.09134615384615384
0 0.8100961538461539 0.6334134615384616 0.052884615384615384 0.0985576923076923
1 0.8497596153846154 0.6310096153846154 0.057692307692307696 0.10336538461538461
0 0.8870192307692307 0.6225961538461539 0.055288461538461536 0.0985576923076923
1 0.9278846153846154 0.6153846153846154 0.06009615384615385 0.0985576923076923
1 0.06850961538461539 0.8269230769230769 0.06490384615384616 0.08653846153846154
0 0.109375 0.8269230769230769 0.06971153846153846 0.09615384615384616
1 0.15384615384615385 0.8245192307692307 0.0673076923076923 0.0985576923076923
1 0.19471153846153846 0.8197115384615384 0.07211538461538461 0.10096153846153846
0 0.2403846153846154 0.8137019230769231 0.0673076923076923 0.10576923076923077
0 0.28125 0.8088942307692307 0.06490384615384616 0.0985576923076923
0 0.3269230769230769 0.8016826923076923 0.06490384615384616 0.09134615384615384
0 0.3762019230769231 0.8016826923076923 0.06490384615384616 0.09134615384615384
0 0.41947115384615385 0.8040865384615384 0.06490384615384616 0.09615384615384616
1 0.4651442307692308 0.7932692307692307 0.0625 0.09375
1 0.5096153846153846 0.7920673076923077 0.052884615384615384 0.09615384615384616
1 0.5528846153846154 0.7920673076923077 0.057692307692307696 0.0985576923076923