0 0.16706730769230768 0.34975961538461536 0.052884615384615384 0.07451923076923077
0 0.1935096153846154 0.34615384615384615 0.052884615384615384 0.07932692307692307
0 0.22115384615384615 0.3401442307692308 0.052884615384615384 0.07932692307692307
0 0.24759615384615385 0.3329326923076923 0.055288461538461536 0.07932692307692307
1 0.27524038461538464 0.328125 0.052884615384615384 0.07451923076923077
1 0.3161057692307692 0.3137019230769231 0.05048076923076923 0.07692307692307693
1 0.3473557692307692 0.3088942307692308 0.04326923076923077 0.06971153846153846
0 0.375 0.30408653846153844 0.04326923076923077 0.07451923076923077
0 0.39903846153846156 0.29447115384615385 0.04326923076923077 0.07451923076923077
1 0.42908653846153844 0.29086538461538464 0.04567307692307692 0.07211538461538461
0 0.4543269230769231 0.2824519230769231 0.040865384615384616 0.0625
1 0.4831730769230769 0.27524038461538464 0.04326923076923077 0.0673076923076923
0 0.5120192307692307 0.26322115384615385 0.040865384615384616 0.0625
0 0.5408653846153846 0.25721153846153844 0.04567307692307692 0.06971153846153846
1 0.5733173076923077 0.25 0.040865384615384616 0.06971153846153846
0 0.6009615384615384 0.24278846153846154 0.04326923076923077 0.06490384615384616
1 0.6310096153846154 0.23557692307692307 0.04326923076923077 0.06490384615384616
1 0.6598557692307693 0.2247596153846154 0.040865384615384616 0.0625
1 0.6935096153846154 0.21995192307692307 0.04567307692307692 0.0673076923076923
0 0.7235576923076923 0.2091346153846154 0.04567307692307692 0.07451923076923077
0 0.7512019230769231 0.203125 0.04567307692307692 0.06490384615384616
1 0.78125 0.19230769230769232 0.052884615384615384 0.07451923076923077
0 0.15504807692307693 0.47836538461538464 0.06009615384615385 0.07451923076923077
0 0.1814903846153846 0.47115384615384615 0.06009615384615385 0.07692307692307693
1 0.21033653846153846 0.4675480769230769 0.057692307692307696 0.07692307692307693
0 0.2439903846153846 0.45913461538461536 0.055288461538461536 0.07211538461538461
1 0.2776442307692308 0.453125 0.052884615384615384 0.07451923076923077
1 0.31850961538461536 0.44350961538461536 0.05048076923076923 0.06971153846153846
0 0.34375 0.4362980769230769 0.052884615384615384 0.07451923076923077
1 0.3798076923076923 0.421875 0.05048076923076923 0.06971153846153846
0 0.40865384615384615 0.4170673076923077 0.05048076923076923 0.06971153846153846
0 0.4387019230769231 0.4098557692307692 0.052884615384615384 0.07451923076923077
0 0.47115384615384615 0.40024038461538464 0.04807692307692308 0.07451923076923077
0 0.49759615384615385 0.3954326923076923 0.04807692307692308 0.06971153846153846
0 0.53125 0.3858173076923077 0.04807692307692308 0.07932692307692307
1 0.5649038461538461 0.3798076923076923 0.04567307692307692 0.06971153846153846
0 0.5949519230769231 0.36778846153846156 0.052884615384615384 0.07692307692307693
0 0.6298076923076923 0.35697115384615385 0.05048076923076923 0.08413461538461539
1 0.6646634615384616 0.35336538461538464 0.05048076923076923 0.08653846153846154
0 0.6959134615384616 0.34134615384615385 0.057692307692307696 0.08653846153846154
0 0.7307692307692307 0.33533653846153844 0.05048076923076923 0.08173076923076923
0 0.7644230769230769 0.328125 0.057692307692307696 0.0889423076923077
0 0.8004807692307693 0.31971153846153844 0.052884615384615384 0.08413461538461539
0 0.8353365384615384 0.3112980769230769 0.055288461538461536 0.07932692307692307
1 0.1466346153846154 0.5492788461538461 0.057692307692307696 0.09375
1 0.1778846153846154 0.5444711538461539 0.0673076923076923 0.09615384615384616
1 0.20552884615384615 0.5336538461538461 0.0625 0.0985576923076923
1 0.23798076923076922 0.5348557692307693 0.0625 0.09375
1 0.2704326923076923 0.5252403846153846 0.057692307692307696 0.09375
1 0.3173076923076923 0.5168269230769231 0.052884615384615384 0.0985576923076923
1 0.35096153846153844 0.5084134615384616 0.06490384615384616 0.0985576923076923
1 0.38100961538461536 0.5024038461538461 0.06009615384615385 0.09134615384615384
1 0.41466346153846156 0.49038461538461536 0.06009615384615385 0.0985576923076923
1 0.44711538461538464 0.4879807692307692 0.05048076923076923 0.08653846153846154
1 0.48197115384615385 0.4795673076923077 0.052884615384615384 0.0889423076923077
1 0.5132211538461539 0.4723557692307692 0.052884615384615384 0.08413461538461539
1 0.5480769230769231 0.46153846153846156 0.04567307692307692 0.08173076923076923
1 0.5793269230769231 0.45552884615384615 0.05048076923076923 0.08173076923076923
1 0.6141826923076923 0.4483173076923077 0.04807692307692308 0.08413461538461539
1 0.6478365384615384 0.4362980769230769 0.05048076923076923 0.08413461538461539
0 0.6850961538461539 0.43149038461538464 0.05048076923076923 0.08173076923076923
0 0.7175480769230769 0.421875 0.055288461538461536 0.07932692307692307
1 0.7536057692307693 0.41466346153846156 0.052884615384615384 0.08653846153846154
1 0.7884615384615384 0.4026442307692308 0.06009615384615385 0.0889423076923077
1 0.8245192307692307 0.39783653846153844 0.055288461538461536 0.08173076923076923
1 0.8617788461538461 0.38221153846153844 0.0625 0.0889423076923077
1 0.12620192307692307 0.7271634615384616 0.06971153846153846 0.10096153846153846
1 0.15865384615384615 0.7223557692307693 0.0673076923076923 0.09375
1 0.1971153846153846 0.7139423076923077 0.0673076923076923 0.09615384615384616
1 0.22956730769230768 0.7043269230769231 0.0625 0.09375
1 0.2668269230769231 0.7019230769230769 0.0625 0.0889423076923077
1 0.31971153846153844 0.6862980769230769 0.057692307692307696 0.08413461538461539
1 0.3557692307692308 0.6754807692307693 0.0625 0.09375
1 0.3954326923076923 0.6694711538461539 0.07211538461538461 0.10096153846153846
1 0.42908653846153844 0.6622596153846154 0.06490384615384616 0.09375
1 0.46634615384615385 0.6574519230769231 0.06490384615384616 0.09615384615384616
1 0.5 0.6478365384615384 0.057692307692307696 0.09375
1 0.5384615384615384 0.6418269230769231 0.06009615384615385 0.10336538461538461
1 0.5745192307692307 0.6298076923076923 0.06009615384615385 0.09134615384615384
1 0.6141826923076923 0.6213942307692307 0.06009615384615385 0.10096153846153846
1 0.6514423076923077 0.6105769230769231 0.06009615384615385 0.09615384615384616
1 0.6935096153846154 0.6069711538461539 0.06009615384615385 0.09615384615384616
1 0.734375 0.5997596153846154 0.06490384615384616 0.0985576923076923
1 0.7716346153846154 0.5889423076923077 0.06490384615384616 0.0985576923076923
1 0.8137019230769231 0.5793269230769231 0.06490384615384616 0.10576923076923077
1 0.8521634615384616 0.5733173076923077 0.06971153846153846 0.10817307692307693
0 0.8894230769230769 0.5588942307692307 0.0673076923076923 0.10576923076923077
1 0.9290865384615384 0.5480769230769231 0.07211538461538461 0.10576923076923077
1 0.09495192307692307 0.8665865384615384 0.0625 0.0889423076923077
0 0.12860576923076922 0.8617788461538461 0.07932692307692307 0.10336538461538461
1 0.17307692307692307 0.8545673076923077 0.07932692307692307 0.10576923076923077
1 0.21514423076923078 0.8449519230769231 0.08413461538461539 0.11057692307692307
0 0.25961538461538464 0.8317307692307693 0.07932692307692307 0.11298076923076923
0 0.3004807692307692 0.8221153846153846 0.07692307692307693 0.10576923076923077
1 0.34615384615384615 0.8100961538461539 0.07451923076923077 0.09615384615384616
0 0.3954326923076923 0.8040865384615384 0.07451923076923077 0.09615384615384616
0 0.43990384615384615 0.8016826923076923 0.07451923076923077 0.10096153846153846
1 0.484375 0.7848557692307693 0.07211538461538461 0.10096153846153846
0 0.5300480769230769 0.7776442307692307 0.06490384615384616 0.10096153846153846
1 0.5733173076923077 0.7728365384615384 0.06971153846153846 0.10576923076923077