0 0.7824519230769231 0.23557692307692307 0.04326923076923077 0.06971153846153846
0 0.7572115384615384 0.2403846153846154 0.04326923076923077 0.07451923076923077
0 0.7283653846153846 0.24158653846153846 0.040865384615384616 0.07211538461538461
0 0.703125 0.24158653846153846 0.04326923076923077 0.07451923076923077
1 0.6766826923076923 0.24519230769230768 0.038461538461538464 0.0673076923076923
1 0.6334134615384616 0.24519230769230768 0.038461538461538464 0.06971153846153846
1 0.6057692307692307 0.24759615384615385 0.03365384615384615 0.06490384615384616
0 0.578125 0.25240384615384615 0.03125 0.06971153846153846
0 0.5528846153846154 0.25 0.03125 0.06971153846153846
1 0.5240384615384616 0.2536057692307692 0.03365384615384615 0.0673076923076923
0 0.49759615384615385 0.2548076923076923 0.03125 0.06009615384615385
1 0.4699519230769231 0.25600961538461536 0.03125 0.0625
0 0.43990384615384615 0.25240384615384615 0.03125 0.057692307692307696
0 0.4110576923076923 0.25600961538461536 0.03365384615384615 0.06490384615384616
1 0.3798076923076923 0.25841346153846156 0.03125 0.06490384615384616
0 0.35216346153846156 0.25841346153846156 0.03365384615384615 0.06009615384615385
1 0.32211538461538464 0.2608173076923077 0.03365384615384615 0.06009615384615385
1 0.2920673076923077 0.25961538461538464 0.03365384615384615 0.055288461538461536
1 0.2608173076923077 0.26322115384615385 0.036057692307692304 0.06009615384615385
0 0.22956730769230768 0.2620192307692308 0.03365384615384615 0.0673076923076923
0 0.20192307692307693 0.2644230769230769 0.036057692307692304 0.06009615384615385
1 0.17067307692307693 0.2644230769230769 0.04326923076923077 0.06971153846153846
0 0.8305288461538461 0.35216346153846156 0.04807692307692308 0.06490384615384616
0 0.8040865384615384 0.35096153846153844 0.04807692307692308 0.06971153846153846
1 0.7752403846153846 0.3557692307692308 0.04567307692307692 0.06971153846153846
0 0.7415865384615384 0.3581730769230769 0.04567307692307692 0.06490384615384616
1 0.7091346153846154 0.3629807692307692 0.04326923076923077 0.0673076923076923
1 0.6694711538461539 0.3641826923076923 0.040865384615384616 0.0625
0 0.6430288461538461 0.3641826923076923 0.040865384615384616 0.0673076923076923
1 0.6069711538461539 0.3605769230769231 0.038461538461538464 0.0625
0 0.5793269230769231 0.36538461538461536 0.038461538461538464 0.0625
0 0.5480769230769231 0.36658653846153844 0.040865384615384616 0.06971153846153846
0 0.5168269230769231 0.36778846153846156 0.038461538461538464 0.0673076923076923
0 0.4891826923076923 0.3701923076923077 0.036057692307692304 0.06490384615384616
0 0.45552884615384615 0.3713942307692308 0.036057692307692304 0.07451923076923077
1 0.42427884615384615 0.375 0.036057692307692304 0.06490384615384616
0 0.3918269230769231 0.3737980769230769 0.040865384615384616 0.06971153846153846
0 0.35697115384615385 0.3713942307692308 0.038461538461538464 0.07692307692307693
1 0.3245192307692308 0.3798076923076923 0.038461538461538464 0.07932692307692307
0 0.29086538461538464 0.37740384615384615 0.04326923076923077 0.08173076923076923
0 0.25841346153846156 0.38221153846153844 0.038461538461538464 0.07451923076923077
0 0.2247596153846154 0.38461538461538464 0.04567307692307692 0.08173076923076923
0 0.18990384615384615 0.3858173076923077 0.040865384615384616 0.07692307692307693
0 0.15504807692307693 0.3894230769230769 0.04326923076923077 0.07451923076923077
1 0.8581730769230769 0.41346153846153844 0.04326923076923077 0.08653846153846154
1 0.828125 0.4182692307692308 0.052884615384615384 0.0889423076923077
1 0.7992788461538461 0.41586538461538464 0.04807692307692308 0.09134615384615384
1 0.7692307692307693 0.4254807692307692 0.04807692307692308 0.08653846153846154
1 0.7367788461538461 0.4254807692307692 0.04326923076923077 0.0889423076923077
1 0.6899038461538461 0.4326923076923077 0.038461538461538464 0.09134615384615384
1 0.65625 0.4338942307692308 0.05048076923076923 0.09134615384615384
1 0.6286057692307693 0.4362980769230769 0.04567307692307692 0.08413461538461539
1 0.59375 0.4338942307692308 0.04567307692307692 0.09134615384615384
1 0.5637019230769231 0.4411057692307692 0.038461538461538464 0.08173076923076923
1 0.5288461538461539 0.44350961538461536 0.040865384615384616 0.08173076923076923
1 0.49759615384615385 0.44591346153846156 0.040865384615384616 0.07692307692307693
1 0.46274038461538464 0.44591346153846156 0.03365384615384615 0.07692307692307693
1 0.43149038461538464 0.4495192307692308 0.038461538461538464 0.07692307692307693
1 0.39783653846153844 0.4519230769230769 0.036057692307692304 0.07692307692307693
1 0.3629807692307692 0.45072115384615385 0.038461538461538464 0.07692307692307693
0 0.328125 0.4567307692307692 0.038461538461538464 0.07692307692307693
0 0.29447115384615385 0.4567307692307692 0.04326923076923077 0.07451923076923077
1 0.25841346153846156 0.46033653846153844 0.040865384615384616 0.07932692307692307
1 0.22355769230769232 0.46033653846153844 0.04567307692307692 0.08173076923076923
1 0.18870192307692307 0.4651442307692308 0.04326923076923077 0.07451923076923077
1 0.1502403846153846 0.46153846153846156 0.05048076923076923 0.08173076923076923
1 0.9266826923076923 0.5709134615384616 0.052884615384615384 0.09134615384615384
1 0.8942307692307693 0.5769230769230769 0.052884615384615384 0.08413461538461539
1 0.8569711538461539 0.5793269230769231 0.052884615384615384 0.08653846153846154
1 0.8233173076923077 0.5793269230769231 0.04807692307692308 0.08413461538461539
1 0.7908653846153846 0.5877403846153846 0.05048076923076923 0.08173076923076923
1 0.7367788461538461 0.5877403846153846 0.04567307692307692 0.07692307692307693
1 0.7007211538461539 0.5889423076923077 0.04807692307692308 0.08413461538461539
1 0.6634615384615384 0.5949519230769231 0.057692307692307696 0.09134615384615384
1 0.6286057692307693 0.5973557692307693 0.04807692307692308 0.08653846153846154
1 0.59375 0.6033653846153846 0.04807692307692308 0.0889423076923077
1 0.5588942307692307 0.6045673076923077 0.04326923076923077 0.0889423076923077
1 0.5216346153846154 0.609375 0.04567307692307692 0.09615384615384616
1 0.484375 0.6081730769230769 0.04567307692307692 0.08413461538461539
1 0.44591346153846156 0.6117788461538461 0.04567307692307692 0.09375
1 0.40865384615384615 0.6129807692307693 0.04326923076923077 0.0889423076923077
1 0.3701923076923077 0.6213942307692307 0.04326923076923077 0.0889423076923077
1 0.33052884615384615 0.6262019230769231 0.05048076923076923 0.09134615384615384
1 0.29086538461538464 0.6262019230769231 0.05048076923076923 0.0889423076923077
1 0.2512019230769231 0.6298076923076923 0.05048076923076923 0.09615384615384616
1 0.2127403846153846 0.6346153846153846 0.052884615384615384 0.10096153846153846
0 0.17427884615384615 0.6322115384615384 0.05048076923076923 0.09615384615384616
1 0.1346153846153846 0.6334134615384616 0.057692307692307696 0.09615384615384616
1 0.9855769230769231 0.6899038461538461 0.028846153846153848 0.08173076923076923
0 0.9615384615384616 0.6983173076923077 0.06490384615384616 0.09375
1 0.9194711538461539 0.703125 0.06490384615384616 0.09615384615384616
1 0.8786057692307693 0.7055288461538461 0.06971153846153846 0.0985576923076923
0 0.8329326923076923 0.7067307692307693 0.0625 0.10336538461538461
0 0.7932692307692307 0.7091346153846154 0.0625 0.09615384615384616
1 0.7475961538461539 0.7115384615384616 0.06009615384615385 0.0889423076923077
0 0.7007211538461539 0.71875 0.06009615384615385 0.0889423076923077
0 0.6586538461538461 0.7283653846153846 0.06009615384615385 0.09134615384615384
1 0.6117788461538461 0.7271634615384616 0.057692307692307696 0.0889423076923077
0 0.5697115384615384 0.7331730769230769 0.05048076923076923 0.09375
1 0.5276442307692307 0.7403846153846154 0.055288461538461536 0.09615384615384616