0 0.26322115384615385 0.23798076923076922 0.04567307692307692 0.06971153846153846
0 0.28725961538461536 0.24519230769230768 0.04567307692307692 0.07211538461538461
0 0.3137019230769231 0.24879807692307693 0.04326923076923077 0.07211538461538461
0 0.3389423076923077 0.2512019230769231 0.04567307692307692 0.07211538461538461
0 0.3629807692307692 0.25721153846153844 0.04326923076923077 0.0673076923076923
0 0.40384615384615385 0.2608173076923077 0.04326923076923077 0.06971153846153846
0 0.4326923076923077 0.265625 0.036057692307692304 0.06490384615384616
0 0.4579326923076923 0.27163461538461536 0.036057692307692304 0.0673076923076923
0 0.48197115384615385 0.27283653846153844 0.036057692307692304 0.0673076923076923
0 0.5096153846153846 0.27884615384615385 0.038461538461538464 0.0673076923076923
0 0.5348557692307693 0.2800480769230769 0.03365384615384615 0.057692307692307696
0 0.5612980769230769 0.2848557692307692 0.036057692307692304 0.06009615384615385
0 0.5901442307692307 0.2848557692307692 0.03365384615384615 0.057692307692307696
0 0.6189903846153846 0.28846153846153844 0.038461538461538464 0.06490384615384616
0 0.6466346153846154 0.2932692307692308 0.03365384615384615 0.06490384615384616
0 0.6742788461538461 0.296875 0.036057692307692304 0.06009615384615385
0 0.703125 0.3004807692307692 0.036057692307692304 0.06009615384615385
0 0.7319711538461539 0.30288461538461536 0.036057692307692304 0.055288461538461536
0 0.7620192307692307 0.31009615384615385 0.040865384615384616 0.06009615384615385
0 0.7920673076923077 0.3112980769230769 0.038461538461538464 0.0673076923076923
0 0.8173076923076923 0.31490384615384615 0.038461538461538464 0.06009615384615385
0 0.8473557692307693 0.3161057692307692 0.04567307692307692 0.06971153846153846
0 0.20673076923076922 0.3449519230769231 0.052884615384615384 0.0673076923076923
0 0.23317307692307693 0.3485576923076923 0.05048076923076923 0.06971153846153846
0 0.25841346153846156 0.3545673076923077 0.04807692307692308 0.06971153846153846
0 0.29086538461538464 0.359375 0.05048076923076923 0.06490384615384616
0 0.3233173076923077 0.36658653846153844 0.04567307692307692 0.0673076923076923
0 0.359375 0.3701923076923077 0.04567307692307692 0.0625
0 0.38461538461538464 0.375 0.04567307692307692 0.0673076923076923
0 0.4206730769230769 0.3737980769230769 0.04326923076923077 0.0625
0 0.44711538461538464 0.38100961538461536 0.04326923076923077 0.0625
0 0.47596153846153844 0.38461538461538464 0.04567307692307692 0.06971153846153846
0 0.5072115384615384 0.38822115384615385 0.040865384615384616 0.0673076923076923
0 0.5324519230769231 0.39302884615384615 0.040865384615384616 0.06490384615384616
0 0.5649038461538461 0.39663461538461536 0.040865384615384616 0.07451923076923077
0 0.5949519230769231 0.4026442307692308 0.038461538461538464 0.06490384615384616
0 0.625 0.40384615384615385 0.04567307692307692 0.06971153846153846
0 0.6598557692307693 0.4050480769230769 0.04326923076923077 0.07692307692307693
0 0.6911057692307693 0.41466346153846156 0.04326923076923077 0.07932692307692307
0 0.7223557692307693 0.41586538461538464 0.04807692307692308 0.07932692307692307
0 0.7536057692307693 0.4230769230769231 0.04326923076923077 0.07451923076923077
0 0.7860576923076923 0.42908653846153844 0.05048076923076923 0.08173076923076923
0 0.8197115384615384 0.4326923076923077 0.04567307692307692 0.07692307692307693
0 0.8533653846153846 0.4387019230769231 0.04807692307692308 0.07211538461538461
0 0.17548076923076922 0.40384615384615385 0.05048076923076923 0.08653846153846154
0 0.20432692307692307 0.4110576923076923 0.057692307692307696 0.0889423076923077
0 0.23317307692307693 0.4098557692307692 0.052884615384615384 0.09134615384615384
0 0.25961538461538464 0.4230769230769231 0.052884615384615384 0.08653846153846154
0 0.29086538461538464 0.4254807692307692 0.05048076923076923 0.08653846153846154
0 0.33533653846153844 0.4362980769230769 0.04326923076923077 0.09134615384615384
0 0.36658653846153844 0.4387019230769231 0.055288461538461536 0.09134615384615384
0 0.3942307692307692 0.44471153846153844 0.05048076923076923 0.08413461538461539
0 0.4266826923076923 0.44591346153846156 0.05048076923076923 0.09134615384615384
0 0.4567307692307692 0.4543269230769231 0.04326923076923077 0.07932692307692307
0 0.4891826923076923 0.45913461538461536 0.04567307692307692 0.07932692307692307
0 0.5192307692307693 0.4651442307692308 0.04567307692307692 0.07692307692307693
0 0.5528846153846154 0.46875 0.038461538461538464 0.07451923076923077
0 0.5817307692307693 0.4735576923076923 0.04326923076923077 0.07692307692307693
0 0.6141826923076923 0.47836538461538464 0.040865384615384616 0.07692307692307693
0 0.6478365384615384 0.4807692307692308 0.04326923076923077 0.07692307692307693
0 0.6802884615384616 0.4891826923076923 0.04326923076923077 0.07692307692307693
0 0.7127403846153846 0.49278846153846156 0.04567307692307692 0.07211538461538461
0 0.7475961538461539 0.4987980769230769 0.04567307692307692 0.07932692307692307
0 0.7800480769230769 0.5 0.05048076923076923 0.07932692307692307
0 0.8137019230769231 0.5096153846153846 0.04567307692307692 0.07451923076923077
0 0.8509615384615384 0.5084134615384616 0.055288461538461536 0.08173076923076923
0 0.09615384615384616 0.5492788461538461 0.057692307692307696 0.09134615384615384
0 0.12620192307692307 0.5564903846153846 0.057692307692307696 0.08653846153846154
0 0.16105769230769232 0.5637019230769231 0.057692307692307696 0.08653846153846154
0 0.1935096153846154 0.5661057692307693 0.052884615384615384 0.08413461538461539
0 0.22596153846153846 0.5769230769230769 0.055288461538461536 0.08173076923076923
0 0.2776442307692308 0.5817307692307693 0.05048076923076923 0.07692307692307693
0 0.3125 0.5841346153846154 0.052884615384615384 0.08413461538461539
0 0.3473557692307692 0.59375 0.0625 0.09375
0 0.3798076923076923 0.5985576923076923 0.055288461538461536 0.08653846153846154
0 0.41346153846153844 0.6081730769230769 0.055288461538461536 0.08653846153846154
0 0.44591346153846156 0.6117788461538461 0.04807692307692308 0.08653846153846154
0 0.4807692307692308 0.6189903846153846 0.05048076923076923 0.09375
0 0.5168269230769231 0.6213942307692307 0.05048076923076923 0.08413461538461539
0 0.5540865384615384 0.6286057692307693 0.05048076923076923 0.09134615384615384
0 0.5901442307692307 0.6322115384615384 0.04807692307692308 0.08653846153846154
0 0.6274038461538461 0.6442307692307693 0.05048076923076923 0.08653846153846154
0 0.6646634615384616 0.6514423076923077 0.055288461538461536 0.09134615384615384
0 0.7019230769230769 0.65625 0.055288461538461536 0.0889423076923077
0 0.7403846153846154 0.6610576923076923 0.055288461538461536 0.09615384615384616
0 0.7764423076923077 0.6694711538461539 0.06009615384615385 0.0985576923076923
0 0.8137019230769231 0.671875 0.055288461538461536 0.09615384615384616
0 0.8521634615384616 0.6754807692307693 0.0625 0.09615384615384616
0 0.02283653846153846 0.6574519230769231 0.04567307692307692 0.08413461538461539
0 0.051682692307692304 0.6670673076923077 0.06971153846153846 0.09375
1 0.09254807692307693 0.6754807692307693 0.0673076923076923 0.09615384615384616
1 0.13221153846153846 0.6814903846153846 0.07451923076923077 0.0985576923076923
0 0.17427884615384615 0.6875 0.06971153846153846 0.10336538461538461
0 0.2127403846153846 0.6935096153846154 0.0673076923076923 0.09615384615384616
0 0.25721153846153844 0.6971153846153846 0.06490384615384616 0.0889423076923077
0 0.3016826923076923 0.7091346153846154 0.06490384615384616 0.0889423076923077
0 0.3401442307692308 0.7223557692307693 0.06490384615384616 0.09375
0 0.3858173076923077 0.7235576923076923 0.0625 0.0889423076923077
0 0.4266826923076923 0.734375 0.055288461538461536 0.09375
0 0.46634615384615385 0.7439903846153846 0.06009615384615385 0.09615384615384616