0 0.23197115384615385 0.30288461538461536 0.038461538461538464 0.06490384615384616
0 0.25721153846153844 0.30288461538461536 0.038461538461538464 0.06971153846153846
0 0.2848557692307692 0.30288461538461536 0.036057692307692304 0.06971153846153846
0 0.3112980769230769 0.3016826923076923 0.038461538461538464 0.06971153846153846
1 0.33774038461538464 0.30288461538461536 0.036057692307692304 0.06490384615384616
1 0.3786057692307692 0.29927884615384615 0.03365384615384615 0.0673076923076923
1 0.4074519230769231 0.29927884615384615 0.028846153846153848 0.0625
0 0.4338942307692308 0.3004807692307692 0.026442307692307692 0.0673076923076923
0 0.46033653846153844 0.2980769230769231 0.028846153846153848 0.0673076923076923
1 0.4879807692307692 0.2980769230769231 0.028846153846153848 0.06490384615384616
0 0.5132211538461539 0.2956730769230769 0.026442307692307692 0.057692307692307696
1 0.5408653846153846 0.29447115384615385 0.028846153846153848 0.06009615384615385
0 0.5697115384615384 0.28966346153846156 0.026442307692307692 0.055288461538461536
0 0.5985576923076923 0.29086538461538464 0.03125 0.0625
1 0.6298076923076923 0.28966346153846156 0.026442307692307692 0.0625
0 0.65625 0.28846153846153844 0.028846153846153848 0.057692307692307696
1 0.6862980769230769 0.28725961538461536 0.028846153846153848 0.057692307692307696
1 0.7151442307692307 0.28365384615384615 0.028846153846153848 0.052884615384615384
1 0.7475961538461539 0.2848557692307692 0.03125 0.057692307692307696
0 0.7776442307692307 0.28125 0.028846153846153848 0.06490384615384616
0 0.8040865384615384 0.28125 0.03365384615384615 0.057692307692307696
1 0.8353365384615384 0.2776442307692308 0.038461538461538464 0.06490384615384616
0 0.19591346153846154 0.41947115384615385 0.04326923076923077 0.0625
0 0.22235576923076922 0.4170673076923077 0.04326923076923077 0.06490384615384616
1 0.25 0.41947115384615385 0.040865384615384616 0.0673076923076923
0 0.2824519230769231 0.4182692307692308 0.040865384615384616 0.06009615384615385
1 0.31490384615384615 0.41947115384615385 0.038461538461538464 0.06490384615384616
1 0.3545673076923077 0.4182692307692308 0.036057692307692304 0.06009615384615385
0 0.3798076923076923 0.4170673076923077 0.036057692307692304 0.06490384615384616
1 0.41586538461538464 0.4098557692307692 0.036057692307692304 0.06009615384615385
0 0.44350961538461536 0.41225961538461536 0.036057692307692304 0.06009615384615385
0 0.4735576923076923 0.4098557692307692 0.036057692307692304 0.06490384615384616
0 0.5048076923076923 0.40865384615384615 0.03365384615384615 0.06490384615384616
0 0.5324519230769231 0.4098557692307692 0.03365384615384615 0.0625
0 0.5649038461538461 0.4074519230769231 0.03365384615384615 0.07211538461538461
1 0.5961538461538461 0.40865384615384615 0.03125 0.0625
0 0.6274038461538461 0.40384615384615385 0.036057692307692304 0.0673076923076923
0 0.6622596153846154 0.39903846153846156 0.03365384615384615 0.07451923076923077
1 0.6947115384615384 0.40384615384615385 0.03365384615384615 0.07692307692307693
0 0.7259615384615384 0.39903846153846156 0.038461538461538464 0.07692307692307693
0 0.7596153846153846 0.40024038461538464 0.036057692307692304 0.07211538461538461
0 0.7932692307692307 0.40024038461538464 0.040865384615384616 0.07932692307692307
0 0.8269230769230769 0.39783653846153844 0.036057692307692304 0.07451923076923077
0 0.8617788461538461 0.39903846153846156 0.040865384615384616 0.06971153846153846
1 0.17427884615384615 0.4831730769230769 0.040865384615384616 0.08173076923076923
1 0.20432692307692307 0.484375 0.04807692307692308 0.08413461538461539
1 0.23317307692307693 0.4807692307692308 0.04326923076923077 0.08653846153846154
1 0.2620192307692308 0.48677884615384615 0.04326923076923077 0.08173076923076923
1 0.2932692307692308 0.484375 0.040865384615384616 0.08413461538461539
1 0.3401442307692308 0.48677884615384615 0.03365384615384615 0.0889423076923077
1 0.37259615384615385 0.4855769230769231 0.04567307692307692 0.08653846153846154
1 0.4014423076923077 0.4855769230769231 0.040865384615384616 0.08173076923076923
1 0.43509615384615385 0.4807692307692308 0.040865384615384616 0.08653846153846154
1 0.4651442307692308 0.4855769230769231 0.03365384615384615 0.07932692307692307
1 0.5 0.484375 0.036057692307692304 0.07932692307692307
1 0.5300480769230769 0.484375 0.036057692307692304 0.07451923076923077
1 0.5649038461538461 0.4807692307692308 0.028846153846153848 0.07451923076923077
1 0.5961538461538461 0.48197115384615385 0.036057692307692304 0.07451923076923077
1 0.6286057692307693 0.4807692307692308 0.03125 0.07451923076923077
1 0.6634615384615384 0.47716346153846156 0.03365384615384615 0.07451923076923077
0 0.6983173076923077 0.4795673076923077 0.03365384615384615 0.07451923076923077
0 0.7295673076923077 0.47716346153846156 0.038461538461538464 0.06971153846153846
1 0.765625 0.47716346153846156 0.036057692307692304 0.07692307692307693
1 0.7992788461538461 0.47475961538461536 0.04326923076923077 0.07692307692307693
1 0.8341346153846154 0.47596153846153844 0.038461538461538464 0.07211538461538461
1 0.8713942307692307 0.4699519230769231 0.04567307692307692 0.07932692307692307
1 0.1201923076923077 0.6442307692307693 0.04807692307692308 0.08653846153846154
1 0.15144230769230768 0.6454326923076923 0.04807692307692308 0.08173076923076923
1 0.18870192307692307 0.6466346153846154 0.04807692307692308 0.08173076923076923
1 0.22115384615384615 0.6430288461538461 0.04567307692307692 0.08173076923076923
1 0.2548076923076923 0.6490384615384616 0.04567307692307692 0.07932692307692307
1 0.3076923076923077 0.6442307692307693 0.04326923076923077 0.07451923076923077
1 0.34375 0.640625 0.04326923076923077 0.08173076923076923
1 0.38100961538461536 0.6442307692307693 0.052884615384615384 0.0889423076923077
1 0.41466346153846156 0.6430288461538461 0.04567307692307692 0.08173076923076923
1 0.4495192307692308 0.6466346153846154 0.04567307692307692 0.08413461538461539
1 0.4831730769230769 0.6442307692307693 0.038461538461538464 0.08413461538461539
1 0.5192307692307693 0.6466346153846154 0.040865384615384616 0.09134615384615384
1 0.5552884615384616 0.6418269230769231 0.040865384615384616 0.08173076923076923
1 0.5949519230769231 0.6430288461538461 0.038461538461538464 0.0889423076923077
1 0.6310096153846154 0.6394230769230769 0.038461538461538464 0.08653846153846154
1 0.6706730769230769 0.6454326923076923 0.040865384615384616 0.08653846153846154
1 0.7091346153846154 0.6466346153846154 0.04567307692307692 0.08653846153846154
0 0.7475961538461539 0.6430288461538461 0.04567307692307692 0.08653846153846154
1 0.7872596153846154 0.6418269230769231 0.04326923076923077 0.09375
1 0.8257211538461539 0.6442307692307693 0.04807692307692308 0.09615384615384616
0 0.8629807692307693 0.6394230769230769 0.04567307692307692 0.09375
1 0.9014423076923077 0.6358173076923077 0.052884615384615384 0.09134615384615384
1 0.057692307692307696 0.7668269230769231 0.057692307692307696 0.07932692307692307
0 0.09615384615384616 0.7704326923076923 0.06009615384615385 0.0889423076923077
1 0.13942307692307693 0.7716346153846154 0.057692307692307696 0.0889423076923077
1 0.18028846153846154 0.7716346153846154 0.0625 0.09375
0 0.22355769230769232 0.7680288461538461 0.057692307692307696 0.09615384615384616
0 0.26322115384615385 0.7668269230769231 0.057692307692307696 0.09134615384615384
1 0.3076923076923077 0.765625 0.055288461538461536 0.08173076923076923
0 0.3545673076923077 0.7680288461538461 0.055288461538461536 0.08173076923076923
0 0.39663461538461536 0.7752403846153846 0.055288461538461536 0.08653846153846154
1 0.4423076923076923 0.7680288461538461 0.052884615384615384 0.08653846153846154
0 0.484375 0.7704326923076923 0.04567307692307692 0.0889423076923077
1 0.5264423076923077 0.7740384615384616 0.05048076923076923 0.09134615384615384