0 0.8365384615384616 0.3701923076923077 0.052884615384615384 0.07451923076923077
0 0.8112980769230769 0.36658653846153844 0.052884615384615384 0.07932692307692307
0 0.7824519230769231 0.3605769230769231 0.05048076923076923 0.07932692307692307
0 0.7572115384615384 0.35336538461538464 0.052884615384615384 0.07932692307692307
0 0.7295673076923077 0.3485576923076923 0.05048076923076923 0.07451923076923077
0 0.6887019230769231 0.33533653846153844 0.05048076923076923 0.07451923076923077
0 0.6586538461538461 0.3293269230769231 0.04326923076923077 0.06971153846153846
0 0.6310096153846154 0.32572115384615385 0.04326923076923077 0.07211538461538461
0 0.6069711538461539 0.3161057692307692 0.04326923076923077 0.07211538461538461
0 0.578125 0.3125 0.04326923076923077 0.07211538461538461
0 0.5528846153846154 0.30408653846153844 0.038461538461538464 0.0625
0 0.5240384615384616 0.296875 0.040865384615384616 0.0673076923076923
0 0.4963942307692308 0.2848557692307692 0.038461538461538464 0.06009615384615385
0 0.4675480769230769 0.27884615384615385 0.04567307692307692 0.06971153846153846
0 0.43509615384615385 0.27163461538461536 0.040865384615384616 0.06971153846153846
0 0.40865384615384615 0.2644230769230769 0.04326923076923077 0.06490384615384616
0 0.3786057692307692 0.25721153846153844 0.04326923076923077 0.06490384615384616
0 0.34975961538461536 0.24759615384615385 0.040865384615384616 0.06009615384615385
0 0.3161057692307692 0.24158653846153846 0.04567307692307692 0.06490384615384616
0 0.28725961538461536 0.23076923076923078 0.04326923076923077 0.07211538461538461
0 0.25961538461538464 0.2247596153846154 0.04567307692307692 0.06490384615384616
0 0.22956730769230768 0.21394230769230768 0.052884615384615384 0.07451923076923077
0 0.8497596153846154 0.49759615384615385 0.06009615384615385 0.07451923076923077
0 0.8233173076923077 0.49038461538461536 0.057692307692307696 0.07451923076923077
0 0.7944711538461539 0.48677884615384615 0.055288461538461536 0.07692307692307693
0 0.7608173076923077 0.47836538461538464 0.055288461538461536 0.06971153846153846
0 0.7271634615384616 0.4723557692307692 0.052884615384615384 0.07451923076923077
0 0.6887019230769231 0.46274038461538464 0.05048076923076923 0.0673076923076923
0 0.6622596153846154 0.45552884615384615 0.052884615384615384 0.07211538461538461
0 0.6274038461538461 0.4423076923076923 0.04807692307692308 0.06971153846153846
0 0.5985576923076923 0.4375 0.04807692307692308 0.0673076923076923
0 0.5685096153846154 0.42788461538461536 0.052884615384615384 0.07451923076923077
0 0.5372596153846154 0.4206730769230769 0.04807692307692308 0.07211538461538461
0 0.5096153846153846 0.41466346153846156 0.04807692307692308 0.06971153846153846
0 0.47716346153846156 0.40625 0.04807692307692308 0.07932692307692307
0 0.44471153846153844 0.39903846153846156 0.04567307692307692 0.06971153846153846
0 0.41466346153846156 0.3894230769230769 0.052884615384615384 0.07451923076923077
0 0.3786057692307692 0.37740384615384615 0.04807692307692308 0.08413461538461539
0 0.3449519230769231 0.3737980769230769 0.05048076923076923 0.08413461538461539
0 0.3137019230769231 0.36177884615384615 0.055288461538461536 0.08653846153846154
0 0.2800480769230769 0.35697115384615385 0.05048076923076923 0.07932692307692307
0 0.24639423076923078 0.3485576923076923 0.057692307692307696 0.08653846153846154
0 0.21153846153846154 0.3401442307692308 0.052884615384615384 0.08413461538461539
0 0.17548076923076922 0.3329326923076923 0.055288461538461536 0.07932692307692307
0 0.8569711538461539 0.5673076923076923 0.057692307692307696 0.09134615384615384
0 0.8257211538461539 0.5625 0.0673076923076923 0.09615384615384616
0 0.7980769230769231 0.5516826923076923 0.0625 0.0985576923076923
0 0.7680288461538461 0.5528846153846154 0.0625 0.09375
0 0.7355769230769231 0.5432692307692307 0.057692307692307696 0.09375
0 0.6875 0.5360576923076923 0.052884615384615384 0.09615384615384616
0 0.6538461538461539 0.5264423076923077 0.06490384615384616 0.0985576923076923
0 0.6262019230769231 0.5216346153846154 0.057692307692307696 0.09134615384615384
0 0.5913461538461539 0.5084134615384616 0.06009615384615385 0.09615384615384616
0 0.5600961538461539 0.5060096153846154 0.05048076923076923 0.08653846153846154
0 0.5252403846153846 0.4987980769230769 0.052884615384615384 0.08653846153846154
0 0.4951923076923077 0.49158653846153844 0.05048076923076923 0.08173076923076923
0 0.46033653846153844 0.4807692307692308 0.04567307692307692 0.08173076923076923
0 0.42788461538461536 0.47475961538461536 0.05048076923076923 0.08173076923076923
0 0.3954326923076923 0.4675480769230769 0.04807692307692308 0.08413461538461539
0 0.3605769230769231 0.45552884615384615 0.05048076923076923 0.08413461538461539
0 0.3245192307692308 0.45072115384615385 0.05048076923076923 0.08173076923076923
0 0.2932692307692308 0.4411057692307692 0.052884615384615384 0.07932692307692307
0 0.25600961538461536 0.4338942307692308 0.052884615384615384 0.08413461538461539
0 0.22355769230769232 0.4230769230769231 0.057692307692307696 0.08653846153846154
0 0.1875 0.4182692307692308 0.052884615384615384 0.07932692307692307
0 0.1502403846153846 0.4014423076923077 0.0625 0.0889423076923077
0 0.8774038461538461 0.7427884615384616 0.0673076923076923 0.0985576923076923
0 0.8449519230769231 0.7391826923076923 0.0673076923076923 0.09375
0 0.8064903846153846 0.7295673076923077 0.06490384615384616 0.09375
0 0.7740384615384616 0.7199519230769231 0.0625 0.09134615384615384
0 0.7379807692307693 0.7175480769230769 0.0625 0.0889423076923077
0 0.6862980769230769 0.7019230769230769 0.057692307692307696 0.08413461538461539
0 0.6502403846153846 0.6911057692307693 0.06009615384615385 0.09134615384615384
0 0.6117788461538461 0.6875 0.06971153846153846 0.10096153846153846
0 0.5769230769230769 0.6790865384615384 0.0625 0.09375
0 0.5408653846153846 0.6742788461538461 0.0625 0.09375
0 0.5072115384615384 0.6646634615384616 0.057692307692307696 0.09375
0 0.4699519230769231 0.6586538461538461 0.06009615384615385 0.10096153846153846
0 0.4338942307692308 0.6466346153846154 0.057692307692307696 0.09134615384615384
0 0.3942307692307692 0.6382211538461539 0.057692307692307696 0.0985576923076923
0 0.3581730769230769 0.6286057692307693 0.057692307692307696 0.09615384615384616
0 0.3173076923076923 0.625 0.057692307692307696 0.09615384615384616
0 0.2764423076923077 0.6177884615384616 0.0625 0.0985576923076923
0 0.23798076923076922 0.6069711538461539 0.06490384615384616 0.09615384615384616
0 0.19831730769230768 0.5973557692307693 0.06490384615384616 0.10336538461538461
0 0.15985576923076922 0.5901442307692307 0.06971153846153846 0.10576923076923077
0 0.12259615384615384 0.578125 0.06490384615384616 0.10336538461538461
0 0.0829326923076923 0.5661057692307693 0.07211538461538461 0.10336538461538461
0 0.90625 0.8786057692307693 0.055288461538461536 0.08653846153846154
0 0.875 0.8762019230769231 0.07932692307692307 0.10336538461538461
0 0.8305288461538461 0.8689903846153846 0.07932692307692307 0.10336538461538461
1 0.7896634615384616 0.859375 0.08413461538461539 0.10817307692307693
0 0.7439903846153846 0.8461538461538461 0.07932692307692307 0.11057692307692307
0 0.7043269230769231 0.8365384615384616 0.07692307692307693 0.10576923076923077
0 0.6586538461538461 0.8257211538461539 0.07451923076923077 0.09615384615384616
0 0.6117788461538461 0.8197115384615384 0.07451923076923077 0.09615384615384616
0 0.5673076923076923 0.8161057692307693 0.07451923076923077 0.10096153846153846
0 0.5228365384615384 0.8004807692307693 0.07211538461538461 0.0985576923076923
0 0.4795673076923077 0.7932692307692307 0.06490384615384616 0.10096153846153846
0 0.4362980769230769 0.7872596153846154 0.06971153846153846 0.10336538461538461