0 0.27163461538461536 0.23918269230769232 0.04807692307692308 0.07211538461538461
0 0.296875 0.24519230769230768 0.04807692307692308 0.07692307692307693
0 0.3245192307692308 0.25 0.04567307692307692 0.07451923076923077
0 0.35096153846153844 0.25240384615384615 0.04807692307692308 0.07692307692307693
1 0.3762019230769231 0.25841346153846156 0.04567307692307692 0.07211538461538461
1 0.41947115384615385 0.2620192307692308 0.04567307692307692 0.07211538461538461
1 0.4483173076923077 0.2668269230769231 0.038461538461538464 0.0673076923076923
0 0.47475961538461536 0.27283653846153844 0.038461538461538464 0.06971153846153846
0 0.5012019230769231 0.27524038461538464 0.038461538461538464 0.06971153846153846
1 0.5288461538461539 0.2800480769230769 0.040865384615384616 0.06971153846153846
0 0.5552884615384616 0.2824519230769231 0.036057692307692304 0.06009615384615385
1 0.5841346153846154 0.28725961538461536 0.036057692307692304 0.0625
0 0.6141826923076923 0.28725961538461536 0.036057692307692304 0.06009615384615385
0 0.6430288461538461 0.29086538461538464 0.040865384615384616 0.0673076923076923
1 0.6730769230769231 0.2956730769230769 0.036057692307692304 0.0673076923076923
0 0.7007211538461539 0.29927884615384615 0.038461538461538464 0.0625
1 0.7319711538461539 0.30408653846153844 0.038461538461538464 0.0625
1 0.7608173076923077 0.30649038461538464 0.036057692307692304 0.057692307692307696
1 0.7920673076923077 0.3137019230769231 0.040865384615384616 0.0625
0 0.8245192307692307 0.3137019230769231 0.040865384615384616 0.06971153846153846
0 0.8509615384615384 0.31850961538461536 0.04326923076923077 0.0625
1 0.8822115384615384 0.32091346153846156 0.04807692307692308 0.07211538461538461
1 0.2127403846153846 0.35096153846153844 0.052884615384615384 0.06971153846153846
0 0.23918269230769232 0.35336538461538464 0.055288461538461536 0.07211538461538461
1 0.26802884615384615 0.359375 0.05048076923076923 0.07211538461538461
0 0.3016826923076923 0.36538461538461536 0.05048076923076923 0.0673076923076923
1 0.33413461538461536 0.37259615384615385 0.04807692307692308 0.06971153846153846
1 0.3737980769230769 0.37740384615384615 0.04567307692307692 0.06490384615384616
0 0.40024038461538464 0.38100961538461536 0.04807692307692308 0.06971153846153846
1 0.4362980769230769 0.3798076923076923 0.04567307692307692 0.0673076923076923
1 0.4639423076923077 0.3870192307692308 0.04567307692307692 0.06490384615384616
0 0.49399038461538464 0.390625 0.04807692307692308 0.07211538461538461
0 0.5264423076923077 0.3942307692307692 0.04326923076923077 0.06971153846153846
0 0.5540865384615384 0.40024038461538464 0.04326923076923077 0.0673076923076923
0 0.5865384615384616 0.40384615384615385 0.04326923076923077 0.07692307692307693
1 0.6189903846153846 0.4110576923076923 0.040865384615384616 0.0673076923076923
0 0.6502403846153846 0.41225961538461536 0.04567307692307692 0.07211538461538461
0 0.6862980769230769 0.41225961538461536 0.04326923076923077 0.08173076923076923
1 0.71875 0.42427884615384615 0.04567307692307692 0.08173076923076923
0 0.7512019230769231 0.42427884615384615 0.05048076923076923 0.08413461538461539
0 0.7848557692307693 0.43149038461538464 0.04567307692307692 0.07692307692307693
0 0.8173076923076923 0.4375 0.05048076923076923 0.08413461538461539
0 0.8533653846153846 0.4411057692307692 0.04807692307692308 0.07932692307692307
0 0.8870192307692307 0.4483173076923077 0.04807692307692308 0.07692307692307693
1 0.18028846153846154 0.41225961538461536 0.05048076923076923 0.0889423076923077
1 0.21033653846153846 0.4182692307692308 0.06009615384615385 0.09134615384615384
1 0.23918269230769232 0.4182692307692308 0.055288461538461536 0.09375
1 0.26802884615384615 0.43149038461538464 0.055288461538461536 0.0889423076923077
1 0.3004807692307692 0.4338942307692308 0.05048076923076923 0.09134615384615384
1 0.3473557692307692 0.44591346153846156 0.04567307692307692 0.09375
1 0.3798076923076923 0.4483173076923077 0.057692307692307696 0.09375
1 0.40865384615384615 0.4543269230769231 0.052884615384615384 0.0889423076923077
1 0.44350961538461536 0.45552884615384615 0.052884615384615384 0.09375
1 0.4723557692307692 0.4639423076923077 0.04326923076923077 0.08413461538461539
0 0.5084134615384616 0.4699519230769231 0.04567307692307692 0.08413461538461539
1 0.5384615384615384 0.47596153846153844 0.04567307692307692 0.07932692307692307
1 0.5745192307692307 0.47716346153846156 0.038461538461538464 0.07932692307692307
1 0.6057692307692307 0.4855769230769231 0.04567307692307692 0.07932692307692307
1 0.6382211538461539 0.4891826923076923 0.04326923076923077 0.08173076923076923
1 0.6730769230769231 0.49158653846153844 0.04567307692307692 0.08173076923076923
1 0.7079326923076923 0.5012019230769231 0.04567307692307692 0.07932692307692307
1 0.7415865384615384 0.5036057692307693 0.04807692307692308 0.07692307692307693
1 0.7776442307692307 0.5096153846153846 0.04567307692307692 0.08173076923076923
1 0.8125 0.5132211538461539 0.052884615384615384 0.08413461538461539
1 0.8461538461538461 0.5204326923076923 0.04807692307692308 0.07692307692307693
1 0.8846153846153846 0.5204326923076923 0.055288461538461536 0.08413461538461539
1 0.0985576923076923 0.5625 0.0625 0.09615384615384616
1 0.12860576923076922 0.5709134615384616 0.06009615384615385 0.0889423076923077
1 0.1658653846153846 0.5769230769230769 0.06009615384615385 0.09134615384615384
1 0.19951923076923078 0.5817307692307693 0.057692307692307696 0.0889423076923077
1 0.23197115384615385 0.5913461538461539 0.055288461538461536 0.08413461538461539
1 0.2860576923076923 0.5961538461538461 0.052884615384615384 0.08173076923076923
1 0.3233173076923077 0.6009615384615384 0.055288461538461536 0.0889423076923077
1 0.359375 0.6105769230769231 0.06490384615384616 0.09615384615384616
1 0.3942307692307692 0.6153846153846154 0.057692307692307696 0.0889423076923077
1 0.42908653846153844 0.625 0.057692307692307696 0.09134615384615384
1 0.46274038461538464 0.6274038461538461 0.05048076923076923 0.09134615384615384
1 0.5 0.6358173076923077 0.052884615384615384 0.0985576923076923
1 0.5360576923076923 0.6382211538461539 0.052884615384615384 0.0889423076923077
1 0.5757211538461539 0.6454326923076923 0.052884615384615384 0.09615384615384616
1 0.6129807692307693 0.6502403846153846 0.05048076923076923 0.09134615384615384
1 0.6514423076923077 0.6622596153846154 0.05048076923076923 0.09134615384615384
1 0.6911057692307693 0.6706730769230769 0.057692307692307696 0.09375
0 0.7307692307692307 0.6754807692307693 0.057692307692307696 0.09134615384615384
0 0.7692307692307693 0.6802884615384616 0.057692307692307696 0.10096153846153846
1 0.8088942307692307 0.6887019230769231 0.0625 0.10336538461538461
1 0.8461538461538461 0.6911057692307693 0.057692307692307696 0.10096153846153846
1 0.8870192307692307 0.6947115384615384 0.06490384615384616 0.0985576923076923
1 0.02283653846153846 0.6754807692307693 0.04567307692307692 0.08653846153846154
0 0.05048076923076923 0.6862980769230769 0.07211538461538461 0.0985576923076923
1 0.09375 0.6959134615384616 0.07211538461538461 0.0985576923076923
1 0.1346153846153846 0.703125 0.07692307692307693 0.10336538461538461
0 0.18028846153846154 0.7067307692307693 0.07211538461538461 0.10576923076923077
0 0.21875 0.7139423076923077 0.06971153846153846 0.10096153846153846
1 0.2644230769230769 0.71875 0.0673076923076923 0.09134615384615384
0 0.3112980769230769 0.7307692307692307 0.0673076923076923 0.09134615384615384
0 0.35336538461538464 0.7439903846153846 0.06971153846153846 0.09615384615384616
1 0.39903846153846156 0.7451923076923077 0.06490384615384616 0.09375
0 0.4423076923076923 0.7560096153846154 0.057692307692307696 0.09615384615384616
1 0.4831730769230769 0.7668269230769231 0.0625 0.0985576923076923