0 0.8064903846153846 0.2932692307692308 0.052884615384615384 0.07451923076923077
0 0.7800480769230769 0.29086538461538464 0.052884615384615384 0.07932692307692307
0 0.7524038461538461 0.2848557692307692 0.052884615384615384 0.07932692307692307
0 0.7271634615384616 0.2776442307692308 0.052884615384615384 0.07932692307692307
0 0.6983173076923077 0.27403846153846156 0.05048076923076923 0.07451923076923077
0 0.65625 0.2620192307692308 0.05048076923076923 0.07451923076923077
0 0.6274038461538461 0.25600961538461536 0.04326923076923077 0.06971153846153846
0 0.5985576923076923 0.2512019230769231 0.040865384615384616 0.07451923076923077
0 0.5733173076923077 0.2439903846153846 0.04326923076923077 0.07451923076923077
0 0.5444711538461539 0.23918269230769232 0.04567307692307692 0.07211538461538461
0 0.5180288461538461 0.23076923076923078 0.038461538461538464 0.0625
0 0.4891826923076923 0.2247596153846154 0.040865384615384616 0.0673076923076923
0 0.46033653846153844 0.21394230769230768 0.038461538461538464 0.0625
0 0.43028846153846156 0.20793269230769232 0.04326923076923077 0.06971153846153846
0 0.40024038461538464 0.20072115384615385 0.040865384615384616 0.06971153846153846
0 0.37259615384615385 0.1935096153846154 0.040865384615384616 0.06490384615384616
0 0.3401442307692308 0.1875 0.040865384615384616 0.06490384615384616
0 0.3112980769230769 0.17908653846153846 0.040865384615384616 0.0625
0 0.27884615384615385 0.17307692307692307 0.04567307692307692 0.0673076923076923
0 0.24879807692307693 0.1622596153846154 0.04567307692307692 0.07451923076923077
0 0.21995192307692307 0.15625 0.04567307692307692 0.06490384615384616
0 0.18870192307692307 0.14783653846153846 0.052884615384615384 0.07451923076923077
0 0.8209134615384616 0.4230769230769231 0.057692307692307696 0.07211538461538461
0 0.7944711538461539 0.41586538461538464 0.06009615384615385 0.07692307692307693
0 0.765625 0.4110576923076923 0.055288461538461536 0.07692307692307693
0 0.7319711538461539 0.40384615384615385 0.055288461538461536 0.07211538461538461
0 0.6983173076923077 0.39903846153846156 0.052884615384615384 0.07451923076923077
0 0.6586538461538461 0.3894230769230769 0.05048076923076923 0.06971153846153846
0 0.6322115384615384 0.38341346153846156 0.05048076923076923 0.07451923076923077
0 0.5961538461538461 0.36899038461538464 0.05048076923076923 0.06971153846153846
0 0.5673076923076923 0.36538461538461536 0.05048076923076923 0.06971153846153846
0 0.5360576923076923 0.3581730769230769 0.052884615384615384 0.07451923076923077
0 0.5048076923076923 0.34975961538461536 0.04807692307692308 0.07211538461538461
0 0.47596153846153844 0.3449519230769231 0.04567307692307692 0.06971153846153846
0 0.4423076923076923 0.33653846153846156 0.04807692307692308 0.07932692307692307
0 0.4110576923076923 0.33052884615384615 0.04567307692307692 0.06971153846153846
0 0.3798076923076923 0.32091346153846156 0.05048076923076923 0.07692307692307693
0 0.34375 0.3088942307692308 0.05048076923076923 0.08413461538461539
0 0.3088942307692308 0.30528846153846156 0.05048076923076923 0.08653846153846154
0 0.2764423076923077 0.2956730769230769 0.055288461538461536 0.08653846153846154
0 0.2439903846153846 0.29086538461538464 0.05048076923076923 0.08173076923076923
0 0.20793269230769232 0.28365384615384615 0.057692307692307696 0.0889423076923077
0 0.17307692307692307 0.27403846153846156 0.052884615384615384 0.08413461538461539
0 0.13822115384615385 0.26802884615384615 0.052884615384615384 0.07932692307692307
0 0.8305288461538461 0.49278846153846156 0.057692307692307696 0.09375
0 0.7992788461538461 0.4891826923076923 0.06490384615384616 0.09615384615384616
0 0.7716346153846154 0.4795673076923077 0.0625 0.0985576923076923
0 0.7403846153846154 0.4795673076923077 0.0625 0.09375
0 0.7079326923076923 0.47115384615384615 0.057692307692307696 0.09375
0 0.6586538461538461 0.4651442307692308 0.052884615384615384 0.0985576923076923
0 0.625 0.45552884615384615 0.0625 0.0985576923076923
0 0.5961538461538461 0.45072115384615385 0.057692307692307696 0.09134615384615384
0 0.5625 0.4387019230769231 0.06009615384615385 0.0985576923076923
0 0.5300480769230769 0.4362980769230769 0.05048076923076923 0.08653846153846154
0 0.49399038461538464 0.42908653846153844 0.052884615384615384 0.08653846153846154
0 0.4639423076923077 0.4230769230769231 0.05048076923076923 0.08173076923076923
0 0.42788461538461536 0.41225961538461536 0.04326923076923077 0.08173076923076923
0 0.3954326923076923 0.40625 0.05048076923076923 0.08173076923076923
0 0.36177884615384615 0.39903846153846156 0.04807692307692308 0.08413461538461539
0 0.3269230769230769 0.38822115384615385 0.05048076923076923 0.08413461538461539
0 0.29086538461538464 0.38461538461538464 0.04807692307692308 0.08173076923076923
0 0.25721153846153844 0.3762019230769231 0.052884615384615384 0.07932692307692307
0 0.22115384615384615 0.36778846153846156 0.052884615384615384 0.08653846153846154
0 0.18629807692307693 0.3581730769230769 0.057692307692307696 0.08653846153846154
0 0.1502403846153846 0.35336538461538464 0.052884615384615384 0.08173076923076923
0 0.11298076923076923 0.3389423076923077 0.0625 0.0889423076923077
0 0.8533653846153846 0.6694711538461539 0.0673076923076923 0.0985576923076923
0 0.8209134615384616 0.6670673076923077 0.06490384615384616 0.09375
0 0.7836538461538461 0.6586538461538461 0.06490384615384616 0.09375
0 0.75 0.6490384615384616 0.0625 0.09375
0 0.7127403846153846 0.6478365384615384 0.0625 0.0889423076923077
0 0.6598557692307693 0.6322115384615384 0.057692307692307696 0.08413461538461539
0 0.6237980769230769 0.6225961538461539 0.06009615384615385 0.09375
0 0.5841346153846154 0.6189903846153846 0.07211538461538461 0.10096153846153846
0 0.5504807692307693 0.6117788461538461 0.0625 0.09375
0 0.5132211538461539 0.6069711538461539 0.0625 0.09615384615384616
0 0.4795673076923077 0.5973557692307693 0.057692307692307696 0.09375
0 0.4411057692307692 0.5913461538461539 0.057692307692307696 0.10336538461538461
0 0.40384615384615385 0.5805288461538461 0.057692307692307696 0.09134615384615384
0 0.3641826923076923 0.5733173076923077 0.057692307692307696 0.10096153846153846
0 0.3269230769230769 0.5637019230769231 0.057692307692307696 0.09615384615384616
0 0.2848557692307692 0.5612980769230769 0.057692307692307696 0.09615384615384616
0 0.24519230769230768 0.5552884615384616 0.0625 0.0985576923076923
0 0.20552884615384615 0.5444711538461539 0.0625 0.0985576923076923
0 0.1658653846153846 0.5348557692307693 0.06490384615384616 0.10336538461538461
0 0.125 0.5300480769230769 0.0673076923076923 0.10817307692307693
0 0.08774038461538461 0.5168269230769231 0.06490384615384616 0.10576923076923077
0 0.04807692307692308 0.5060096153846154 0.07211538461538461 0.10576923076923077
0 0.8930288461538461 0.8112980769230769 0.07451923076923077 0.09134615384615384
0 0.8533653846153846 0.8064903846153846 0.07692307692307693 0.10336538461538461
0 0.8088942307692307 0.7992788461538461 0.07932692307692307 0.10336538461538461
1 0.7680288461538461 0.7908653846153846 0.08413461538461539 0.10817307692307693
0 0.7223557692307693 0.7788461538461539 0.07932692307692307 0.11298076923076923
0 0.6826923076923077 0.7692307692307693 0.07692307692307693 0.10576923076923077
0 0.6358173076923077 0.7584134615384616 0.07451923076923077 0.09615384615384616
0 0.5877403846153846 0.7524038461538461 0.07451923076923077 0.09615384615384616
0 0.5420673076923077 0.75 0.07451923076923077 0.10096153846153846
0 0.4963942307692308 0.7355769230769231 0.07211538461538461 0.0985576923076923
0 0.45072115384615385 0.7295673076923077 0.06490384615384616 0.10096153846153846
0 0.40865384615384615 0.7235576923076923 0.06971153846153846 0.10336538461538461