0 0.23677884615384615 0.3112980769230769 0.04326923076923077 0.07211538461538461
0 0.265625 0.3125 0.04326923076923077 0.07451923076923077
0 0.29447115384615385 0.3112980769230769 0.040865384615384616 0.07451923076923077
0 0.32091346153846156 0.3076923076923077 0.04326923076923077 0.07451923076923077
0 0.3485576923076923 0.3076923076923077 0.040865384615384616 0.07211538461538461
0 0.39302884615384615 0.3016826923076923 0.040865384615384616 0.07211538461538461
0 0.42427884615384615 0.3016826923076923 0.03365384615384615 0.0673076923076923
0 0.4519230769230769 0.30288461538461536 0.03365384615384615 0.07211538461538461
0 0.4795673076923077 0.2980769230769231 0.03365384615384615 0.07211538461538461
0 0.5096153846153846 0.296875 0.03365384615384615 0.06971153846153846
0 0.5372596153846154 0.2932692307692308 0.03125 0.0625
0 0.5661057692307693 0.2920673076923077 0.03125 0.06490384615384616
0 0.5973557692307693 0.2860576923076923 0.03125 0.06009615384615385
0 0.6274038461538461 0.2848557692307692 0.036057692307692304 0.0673076923076923
0 0.6598557692307693 0.28365384615384615 0.03125 0.0673076923076923
0 0.6887019230769231 0.2800480769230769 0.03365384615384615 0.0625
0 0.7211538461538461 0.2776442307692308 0.03365384615384615 0.0625
0 0.7512019230769231 0.27403846153846156 0.03365384615384615 0.057692307692307696
0 0.7860576923076923 0.27403846153846156 0.036057692307692304 0.0625
0 0.8173076923076923 0.26802884615384615 0.03365384615384615 0.07211538461538461
0 0.8449519230769231 0.2668269230769231 0.038461538461538464 0.0625
0 0.8786057692307693 0.2620192307692308 0.04326923076923077 0.07211538461538461
0 0.203125 0.4375 0.05048076923076923 0.0673076923076923
0 0.23076923076923078 0.43509615384615385 0.04807692307692308 0.07211538461538461
0 0.25961538461538464 0.43509615384615385 0.04567307692307692 0.07211538461538461
0 0.2956730769230769 0.4338942307692308 0.04807692307692308 0.0673076923076923
0 0.33052884615384615 0.4326923076923077 0.04326923076923077 0.06971153846153846
0 0.3713942307692308 0.43149038461538464 0.040865384615384616 0.06490384615384616
0 0.39903846153846156 0.42788461538461536 0.040865384615384616 0.06971153846153846
0 0.4362980769230769 0.4206730769230769 0.040865384615384616 0.0673076923076923
0 0.46634615384615385 0.4206730769230769 0.040865384615384616 0.06490384615384616
0 0.49759615384615385 0.4182692307692308 0.040865384615384616 0.07211538461538461
0 0.53125 0.41586538461538464 0.038461538461538464 0.06971153846153846
0 0.5600961538461539 0.41466346153846156 0.038461538461538464 0.0673076923076923
0 0.5949519230769231 0.4110576923076923 0.036057692307692304 0.07692307692307693
0 0.6286057692307693 0.4110576923076923 0.036057692307692304 0.0673076923076923
0 0.6610576923076923 0.4050480769230769 0.04326923076923077 0.07211538461538461
0 0.6983173076923077 0.39783653846153844 0.038461538461538464 0.08173076923076923
0 0.7331730769230769 0.4026442307692308 0.038461538461538464 0.08413461538461539
0 0.7668269230769231 0.3954326923076923 0.04326923076923077 0.08413461538461539
0 0.8016826923076923 0.39663461538461536 0.038461538461538464 0.07932692307692307
0 0.8377403846153846 0.3942307692307692 0.04567307692307692 0.08413461538461539
0 0.875 0.3918269230769231 0.040865384615384616 0.07932692307692307
0 0.9110576923076923 0.390625 0.04567307692307692 0.07451923076923077
0 0.18269230769230768 0.5072115384615384 0.04567307692307692 0.0889423076923077
0 0.21514423076923078 0.5072115384615384 0.052884615384615384 0.09134615384615384
0 0.24519230769230768 0.5012019230769231 0.04807692307692308 0.09375
0 0.27524038461538464 0.5084134615384616 0.04807692307692308 0.0889423076923077
0 0.31009615384615385 0.5036057692307693 0.04567307692307692 0.09134615384615384
0 0.359375 0.5048076923076923 0.038461538461538464 0.09615384615384616
0 0.3942307692307692 0.5012019230769231 0.05048076923076923 0.09375
0 0.42427884615384615 0.5 0.04567307692307692 0.0889423076923077
0 0.46033653846153844 0.4951923076923077 0.04567307692307692 0.09375
0 0.49278846153846156 0.4963942307692308 0.038461538461538464 0.08413461538461539
0 0.5288461538461539 0.4951923076923077 0.040865384615384616 0.08413461538461539
0 0.5612980769230769 0.49399038461538464 0.040865384615384616 0.07932692307692307
0 0.5985576923076923 0.49038461538461536 0.03365384615384615 0.07932692307692307
0 0.6322115384615384 0.4891826923076923 0.038461538461538464 0.07932692307692307
0 0.6658653846153846 0.48677884615384615 0.036057692307692304 0.08173076923076923
0 0.7019230769230769 0.48197115384615385 0.038461538461538464 0.08173076923076923
0 0.7403846153846154 0.484375 0.038461538461538464 0.07932692307692307
0 0.7728365384615384 0.4795673076923077 0.04326923076923077 0.07451923076923077
0 0.8112980769230769 0.47836538461538464 0.040865384615384616 0.08413461538461539
0 0.8473557692307693 0.4735576923076923 0.04807692307692308 0.08413461538461539
0 0.8846153846153846 0.47475961538461536 0.04326923076923077 0.07692307692307693
0 0.9242788461538461 0.4651442307692308 0.05048076923076923 0.08413461538461539
0 0.1310096153846154 0.6790865384615384 0.055288461538461536 0.09615384615384616
0 0.16466346153846154 0.6814903846153846 0.055288461538461536 0.0889423076923077
0 0.203125 0.6790865384615384 0.052884615384615384 0.09134615384615384
0 0.23798076923076922 0.6754807692307693 0.05048076923076923 0.0889423076923077
0 0.27524038461538464 0.6802884615384616 0.05048076923076923 0.08413461538461539
0 0.33052884615384615 0.6730769230769231 0.04807692307692308 0.07932692307692307
0 0.36899038461538464 0.6682692307692307 0.04807692307692308 0.0889423076923077
0 0.40865384615384615 0.6706730769230769 0.06009615384615385 0.09615384615384616
0 0.44350961538461536 0.6694711538461539 0.05048076923076923 0.0889423076923077
0 0.4807692307692308 0.6706730769230769 0.05048076923076923 0.09134615384615384
0 0.5168269230769231 0.6670673076923077 0.04326923076923077 0.09134615384615384
0 0.5564903846153846 0.6670673076923077 0.04567307692307692 0.0985576923076923
0 0.5949519230769231 0.6610576923076923 0.04567307692307692 0.0889423076923077
0 0.6358173076923077 0.6610576923076923 0.04567307692307692 0.09615384615384616
0 0.6754807692307693 0.6574519230769231 0.04326923076923077 0.09375
0 0.7175480769230769 0.6610576923076923 0.04567307692307692 0.09375
0 0.7584134615384616 0.6610576923076923 0.05048076923076923 0.09375
0 0.7992788461538461 0.65625 0.05048076923076923 0.09375
0 0.8413461538461539 0.6526442307692307 0.05048076923076923 0.10096153846153846
0 0.8822115384615384 0.6550480769230769 0.055288461538461536 0.10336538461538461
0 0.921875 0.6478365384615384 0.05048076923076923 0.10096153846153846
0 0.9639423076923077 0.6430288461538461 0.06009615384615385 0.10096153846153846
0 0.06971153846153846 0.8137019230769231 0.0625 0.08653846153846154
0 0.109375 0.8149038461538461 0.0673076923076923 0.09615384615384616
1 0.15504807692307693 0.8149038461538461 0.06490384615384616 0.0985576923076923
1 0.19831730769230768 0.8125 0.07211538461538461 0.10096153846153846
0 0.24519230769230768 0.8076923076923077 0.06490384615384616 0.10576923076923077
0 0.28725961538461536 0.8064903846153846 0.06490384615384616 0.10096153846153846
0 0.33533653846153844 0.8028846153846154 0.0625 0.09134615384615384
0 0.38461538461538464 0.8040865384615384 0.0625 0.09134615384615384
0 0.43028846153846156 0.8076923076923077 0.06009615384615385 0.09615384615384616
0 0.47836538461538464 0.8004807692307693 0.057692307692307696 0.09375
0 0.5240384615384616 0.8016826923076923 0.05048076923076923 0.09615384615384616
0 0.5673076923076923 0.8028846153846154 0.055288461538461536 0.10096153846153846