0 0.7139423076923077 0.2247596153846154 0.05048076923076923 0.06971153846153846
0 0.6899038461538461 0.23317307692307693 0.05048076923076923 0.07451923076923077
0 0.6634615384615384 0.23918269230769232 0.05048076923076923 0.07451923076923077
0 0.6394230769230769 0.24278846153846154 0.052884615384615384 0.07451923076923077
0 0.6141826923076923 0.2512019230769231 0.04807692307692308 0.06971153846153846
0 0.5733173076923077 0.25721153846153844 0.04807692307692308 0.06971153846153846
0 0.5456730769230769 0.26322115384615385 0.040865384615384616 0.06490384615384616
0 0.5204326923076923 0.27163461538461536 0.040865384615384616 0.06971153846153846
0 0.4951923076923077 0.27524038461538464 0.040865384615384616 0.06971153846153846
0 0.4699519230769231 0.2824519230769231 0.04326923076923077 0.0673076923076923
0 0.44471153846153844 0.2860576923076923 0.036057692307692304 0.06009615384615385
0 0.4170673076923077 0.2920673076923077 0.040865384615384616 0.0625
0 0.38822115384615385 0.29447115384615385 0.036057692307692304 0.057692307692307696
0 0.36177884615384615 0.3016826923076923 0.04326923076923077 0.0673076923076923
0 0.3317307692307692 0.3076923076923077 0.038461538461538464 0.06490384615384616
0 0.30649038461538464 0.3125 0.038461538461538464 0.06009615384615385
0 0.2764423076923077 0.31971153846153844 0.038461538461538464 0.06009615384615385
0 0.24759615384615385 0.32211538461538464 0.038461538461538464 0.057692307692307696
0 0.21875 0.3317307692307692 0.04326923076923077 0.0625
0 0.1875 0.33533653846153844 0.04326923076923077 0.06971153846153846
0 0.16346153846153846 0.34134615384615385 0.04326923076923077 0.06009615384615385
0 0.13221153846153846 0.3449519230769231 0.05048076923076923 0.06971153846153846
0 0.7776442307692307 0.328125 0.055288461538461536 0.06971153846153846
0 0.7512019230769231 0.3329326923076923 0.055288461538461536 0.07211538461538461
0 0.7259615384615384 0.34134615384615385 0.052884615384615384 0.07211538461538461
0 0.6935096153846154 0.34975961538461536 0.052884615384615384 0.0673076923076923
0 0.6634615384615384 0.35697115384615385 0.05048076923076923 0.06971153846153846
0 0.625 0.36538461538461536 0.04807692307692308 0.06490384615384616
0 0.6009615384615384 0.3701923076923077 0.04807692307692308 0.06971153846153846
0 0.5661057692307693 0.37259615384615385 0.04807692307692308 0.0673076923076923
0 0.5396634615384616 0.38100961538461536 0.04807692307692308 0.06490384615384616
0 0.5108173076923077 0.3870192307692308 0.05048076923076923 0.06971153846153846
0 0.4795673076923077 0.3918269230769231 0.04567307692307692 0.0673076923076923
0 0.453125 0.40024038461538464 0.04567307692307692 0.0673076923076923
0 0.421875 0.40384615384615385 0.04567307692307692 0.07451923076923077
0 0.39302884615384615 0.41346153846153844 0.04326923076923077 0.0673076923076923
0 0.3629807692307692 0.4170673076923077 0.04807692307692308 0.07211538461538461
0 0.3269230769230769 0.4206730769230769 0.04807692307692308 0.07932692307692307
0 0.296875 0.4326923076923077 0.04807692307692308 0.08173076923076923
0 0.265625 0.4362980769230769 0.052884615384615384 0.08173076923076923
0 0.234375 0.44471153846153844 0.04807692307692308 0.07692307692307693
0 0.203125 0.4519230769230769 0.055288461538461536 0.08413461538461539
0 0.16947115384615385 0.45913461538461536 0.05048076923076923 0.07692307692307693
0 0.13701923076923078 0.46634615384615385 0.052884615384615384 0.07451923076923077
0 0.8125 0.38461538461538464 0.055288461538461536 0.08653846153846154
0 0.7836538461538461 0.3942307692307692 0.0625 0.09134615384615384
0 0.7560096153846154 0.3954326923076923 0.06009615384615385 0.09134615384615384
0 0.7307692307692307 0.4098557692307692 0.06009615384615385 0.0889423076923077
0 0.6983173076923077 0.41466346153846156 0.055288461538461536 0.0889423076923077
0 0.65625 0.42788461538461536 0.05048076923076923 0.09134615384615384
0 0.6237980769230769 0.4326923076923077 0.0625 0.09375
0 0.5973557692307693 0.4411057692307692 0.055288461538461536 0.08653846153846154
0 0.5637019230769231 0.44471153846153844 0.057692307692307696 0.09134615384615384
0 0.5348557692307693 0.4543269230769231 0.04807692307692308 0.08173076923076923
0 0.5024038461538461 0.46274038461538464 0.05048076923076923 0.08173076923076923
0 0.4735576923076923 0.4699519230769231 0.04807692307692308 0.07692307692307693
0 0.43990384615384615 0.47596153846153844 0.04326923076923077 0.07692307692307693
0 0.4098557692307692 0.484375 0.04807692307692308 0.07692307692307693
0 0.3786057692307692 0.49038461538461536 0.04567307692307692 0.07932692307692307
0 0.3449519230769231 0.4951923076923077 0.04807692307692308 0.07932692307692307
0 0.3125 0.5060096153846154 0.04807692307692308 0.07692307692307693
0 0.2800480769230769 0.5108173076923077 0.052884615384615384 0.07451923076923077
0 0.24639423076923078 0.5204326923076923 0.05048076923076923 0.08173076923076923
0 0.2127403846153846 0.5240384615384616 0.055288461538461536 0.08173076923076923
0 0.1814903846153846 0.5348557692307693 0.05048076923076923 0.07692307692307693
0 0.14302884615384615 0.5372596153846154 0.06009615384615385 0.08413461538461539
0 0.9014423076923077 0.5252403846153846 0.0625 0.09375
0 0.8725961538461539 0.5348557692307693 0.0625 0.08653846153846154
0 0.8377403846153846 0.5444711538461539 0.0625 0.0889423076923077
0 0.8064903846153846 0.5492788461538461 0.057692307692307696 0.08653846153846154
0 0.7752403846153846 0.5625 0.06009615384615385 0.08413461538461539
0 0.7235576923076923 0.5709134615384616 0.055288461538461536 0.07932692307692307
0 0.6887019230769231 0.5757211538461539 0.057692307692307696 0.08653846153846154
0 0.6538461538461539 0.5877403846153846 0.0673076923076923 0.09615384615384616
0 0.6213942307692307 0.5949519230769231 0.06009615384615385 0.0889423076923077
0 0.5889423076923077 0.6069711538461539 0.06009615384615385 0.09134615384615384
0 0.5564903846153846 0.6129807692307693 0.055288461538461536 0.0889423076923077
0 0.5204326923076923 0.6225961538461539 0.055288461538461536 0.09615384615384616
0 0.4855769230769231 0.6262019230769231 0.055288461538461536 0.08653846153846154
0 0.4495192307692308 0.6370192307692307 0.055288461538461536 0.09375
0 0.41346153846153844 0.6430288461538461 0.055288461538461536 0.09134615384615384
0 0.37740384615384615 0.6574519230769231 0.055288461538461536 0.09134615384615384
0 0.3401442307692308 0.6682692307692307 0.06009615384615385 0.09375
0 0.30408653846153844 0.6742788461538461 0.06009615384615385 0.09134615384615384
0 0.265625 0.6826923076923077 0.0625 0.0985576923076923
0 0.2283653846153846 0.6935096153846154 0.06490384615384616 0.10096153846153846
0 0.1935096153846154 0.6983173076923077 0.0625 0.0985576923076923
0 0.15504807692307693 0.7043269230769231 0.0673076923076923 0.0985576923076923
0 0.9783653846153846 0.6274038461538461 0.04326923076923077 0.08653846153846154
0 0.9555288461538461 0.640625 0.07451923076923077 0.09615384615384616
0 0.9146634615384616 0.6526442307692307 0.07451923076923077 0.0985576923076923
1 0.8762019230769231 0.6610576923076923 0.07932692307692307 0.10336538461538461
0 0.8341346153846154 0.6682692307692307 0.07451923076923077 0.10576923076923077
0 0.7944711538461539 0.6778846153846154 0.07211538461538461 0.0985576923076923
0 0.7524038461538461 0.6862980769230769 0.06971153846153846 0.09134615384615384
0 0.7091346153846154 0.7007211538461539 0.06971153846153846 0.09134615384615384
0 0.6694711538461539 0.7163461538461539 0.06971153846153846 0.09615384615384616
0 0.625 0.7211538461538461 0.0673076923076923 0.09375
0 0.5853365384615384 0.734375 0.06009615384615385 0.09615384615384616
0 0.5456730769230769 0.7475961538461539 0.06490384615384616 0.09615384615384616