0 0.7764423076923077 0.2956730769230769 0.04326923076923077 0.07211538461538461
0 0.7487980769230769 0.2956730769230769 0.04567307692307692 0.07451923076923077
0 0.7199519230769231 0.2932692307692308 0.04326923076923077 0.07451923076923077
0 0.6935096153846154 0.28846153846153844 0.04567307692307692 0.07451923076923077
0 0.6658653846153846 0.28846153846153844 0.040865384615384616 0.07211538461538461
0 0.6225961538461539 0.28125 0.040865384615384616 0.07211538461538461
0 0.5925480769230769 0.2800480769230769 0.036057692307692304 0.0673076923076923
0 0.5649038461538461 0.2800480769230769 0.03365384615384615 0.07211538461538461
0 0.5384615384615384 0.27403846153846156 0.03365384615384615 0.07211538461538461
0 0.5108173076923077 0.27283653846153844 0.036057692307692304 0.0673076923076923
0 0.4831730769230769 0.2692307692307692 0.03365384615384615 0.06009615384615385
0 0.4543269230769231 0.2668269230769231 0.03365384615384615 0.06490384615384616
0 0.42427884615384615 0.25841346153846156 0.03365384615384615 0.06009615384615385
0 0.3942307692307692 0.25721153846153844 0.036057692307692304 0.0673076923076923
0 0.36177884615384615 0.2536057692307692 0.03365384615384615 0.0673076923076923
0 0.33533653846153844 0.25 0.036057692307692304 0.06009615384615385
0 0.30288461538461536 0.24759615384615385 0.036057692307692304 0.06009615384615385
0 0.27283653846153844 0.24158653846153846 0.036057692307692304 0.06009615384615385
0 0.2403846153846154 0.2403846153846154 0.038461538461538464 0.0625
0 0.20793269230769232 0.234375 0.036057692307692304 0.06971153846153846
0 0.18028846153846154 0.23197115384615385 0.038461538461538464 0.0625
0 0.14903846153846154 0.22596153846153846 0.04326923076923077 0.07211538461538461
0 0.8052884615384616 0.421875 0.05048076923076923 0.06971153846153846
0 0.7788461538461539 0.4170673076923077 0.05048076923076923 0.07211538461538461
0 0.75 0.4170673076923077 0.04807692307692308 0.07211538461538461
0 0.7151442307692307 0.41346153846153844 0.04807692307692308 0.0673076923076923
0 0.6802884615384616 0.41346153846153844 0.04567307692307692 0.06971153846153846
0 0.640625 0.40865384615384615 0.04326923076923077 0.06490384615384616
0 0.6129807692307693 0.4050480769230769 0.04326923076923077 0.06971153846153846
0 0.5769230769230769 0.3954326923076923 0.040865384615384616 0.0673076923076923
0 0.5480769230769231 0.3954326923076923 0.040865384615384616 0.06490384615384616
0 0.5168269230769231 0.3918269230769231 0.04326923076923077 0.07211538461538461
0 0.4831730769230769 0.3870192307692308 0.040865384615384616 0.06971153846153846
0 0.45552884615384615 0.3858173076923077 0.038461538461538464 0.0673076923076923
0 0.421875 0.38221153846153844 0.038461538461538464 0.07692307692307693
0 0.38822115384615385 0.38100961538461536 0.038461538461538464 0.0673076923076923
0 0.35697115384615385 0.3737980769230769 0.04326923076923077 0.07211538461538461
0 0.32091346153846156 0.36658653846153844 0.038461538461538464 0.08173076923076923
0 0.2860576923076923 0.36778846153846156 0.040865384615384616 0.08413461538461539
0 0.2536057692307692 0.36177884615384615 0.04567307692307692 0.08413461538461539
0 0.21875 0.359375 0.040865384615384616 0.07932692307692307
0 0.18389423076923078 0.35697115384615385 0.04807692307692308 0.08413461538461539
0 0.14903846153846154 0.35336538461538464 0.04326923076923077 0.07932692307692307
0 0.11298076923076923 0.34975961538461536 0.04567307692307692 0.07451923076923077
0 0.8233173076923077 0.4891826923076923 0.04807692307692308 0.0889423076923077
0 0.7920673076923077 0.4891826923076923 0.055288461538461536 0.09134615384615384
0 0.7620192307692307 0.48197115384615385 0.05048076923076923 0.09375
0 0.7319711538461539 0.4879807692307692 0.052884615384615384 0.0889423076923077
0 0.6983173076923077 0.48197115384615385 0.04807692307692308 0.09134615384615384
0 0.6502403846153846 0.48197115384615385 0.040865384615384616 0.09615384615384616
0 0.6153846153846154 0.47596153846153844 0.052884615384615384 0.09375
0 0.5865384615384616 0.47596153846153844 0.04807692307692308 0.08653846153846154
0 0.5504807692307693 0.46875 0.04807692307692308 0.09375
0 0.5192307692307693 0.4699519230769231 0.038461538461538464 0.08413461538461539
0 0.4831730769230769 0.4675480769230769 0.04326923076923077 0.08413461538461539
0 0.4519230769230769 0.4639423076923077 0.04326923076923077 0.07932692307692307
0 0.41586538461538464 0.45913461538461536 0.036057692307692304 0.07932692307692307
0 0.38341346153846156 0.4567307692307692 0.040865384615384616 0.07932692307692307
0 0.34975961538461536 0.453125 0.038461538461538464 0.08173076923076923
0 0.3137019230769231 0.44711538461538464 0.040865384615384616 0.08173076923076923
0 0.2776442307692308 0.4483173076923077 0.040865384615384616 0.07932692307692307
0 0.2439903846153846 0.4423076923076923 0.04567307692307692 0.07451923076923077
0 0.20673076923076922 0.4411057692307692 0.04326923076923077 0.08413461538461539
0 0.171875 0.4338942307692308 0.04807692307692308 0.08413461538461539
0 0.13581730769230768 0.4338942307692308 0.04567307692307692 0.07692307692307693
0 0.09615384615384616 0.4230769230769231 0.052884615384615384 0.08653846153846154
0 0.8665865384615384 0.6610576923076923 0.057692307692307696 0.09375
0 0.8341346153846154 0.6610576923076923 0.055288461538461536 0.0889423076923077
0 0.7956730769230769 0.6586538461538461 0.055288461538461536 0.09134615384615384
0 0.7620192307692307 0.6526442307692307 0.05048076923076923 0.08653846153846154
0 0.7259615384615384 0.65625 0.052884615384615384 0.08653846153846154
0 0.671875 0.6478365384615384 0.04807692307692308 0.07932692307692307
0 0.6346153846153846 0.6418269230769231 0.05048076923076923 0.08653846153846154
0 0.5961538461538461 0.6418269230769231 0.06009615384615385 0.09615384615384616
0 0.5600961538461539 0.6394230769230769 0.052884615384615384 0.0889423076923077
0 0.5240384615384616 0.6394230769230769 0.052884615384615384 0.09134615384615384
0 0.4891826923076923 0.6358173076923077 0.04567307692307692 0.09134615384615384
0 0.45072115384615385 0.6346153846153846 0.04807692307692308 0.0985576923076923
0 0.41225961538461536 0.6274038461538461 0.04807692307692308 0.08653846153846154
0 0.37259615384615385 0.625 0.04567307692307692 0.09615384615384616
0 0.33533653846153844 0.6189903846153846 0.04567307692307692 0.09134615384615384
0 0.2932692307692308 0.6213942307692307 0.04807692307692308 0.09134615384615384
0 0.25240384615384615 0.6201923076923077 0.052884615384615384 0.09375
0 0.2127403846153846 0.6153846153846154 0.052884615384615384 0.09375
0 0.171875 0.6117788461538461 0.052884615384615384 0.0985576923076923
0 0.13221153846153846 0.6105769230769231 0.057692307692307696 0.10336538461538461
0 0.09254807692307693 0.6021634615384616 0.052884615384615384 0.0985576923076923
0 0.052884615384615384 0.5961538461538461 0.06009615384615385 0.0985576923076923
0 0.9230769230769231 0.7956730769230769 0.06490384615384616 0.08653846153846154
0 0.8834134615384616 0.7956730769230769 0.0673076923076923 0.0985576923076923
0 0.8389423076923077 0.7932692307692307 0.0673076923076923 0.0985576923076923
1 0.796875 0.7896634615384616 0.07211538461538461 0.10096153846153846
0 0.75 0.7836538461538461 0.0673076923076923 0.10576923076923077
0 0.7091346153846154 0.7800480769230769 0.06490384615384616 0.0985576923076923
1 0.6634615384615384 0.7752403846153846 0.06490384615384616 0.09134615384615384
0 0.6141826923076923 0.7740384615384616 0.06490384615384616 0.09134615384615384
0 0.5697115384615384 0.7776442307692307 0.06490384615384616 0.09375
0 0.5228365384615384 0.7680288461538461 0.06009615384615385 0.09375
0 0.47716346153846156 0.7680288461538461 0.052884615384615384 0.09615384615384616
0 0.4338942307692308 0.7680288461538461 0.057692307692307696 0.0985576923076923