0 0.8052884615384616 0.33533653846153844 0.04807692307692308 0.06971153846153846
0 0.7800480769230769 0.3329326923076923 0.04807692307692308 0.07211538461538461
0 0.7524038461538461 0.3269230769230769 0.04567307692307692 0.07211538461538461
0 0.7283653846153846 0.32091346153846156 0.04807692307692308 0.07211538461538461
0 0.703125 0.31850961538461536 0.04567307692307692 0.06971153846153846
0 0.6634615384615384 0.3076923076923077 0.04567307692307692 0.06971153846153846
0 0.6358173076923077 0.30288461538461536 0.038461538461538464 0.06490384615384616
0 0.609375 0.29927884615384615 0.038461538461538464 0.06971153846153846
0 0.5853365384615384 0.2920673076923077 0.038461538461538464 0.06971153846153846
0 0.5588942307692307 0.28846153846153844 0.040865384615384616 0.0673076923076923
0 0.5336538461538461 0.28125 0.036057692307692304 0.06009615384615385
0 0.5084134615384616 0.2764423076923077 0.036057692307692304 0.0625
0 0.4807692307692308 0.265625 0.036057692307692304 0.057692307692307696
0 0.453125 0.2620192307692308 0.040865384615384616 0.06490384615384616
0 0.42427884615384615 0.25600961538461536 0.036057692307692304 0.06490384615384616
0 0.39783653846153844 0.24879807692307693 0.038461538461538464 0.06009615384615385
0 0.36899038461538464 0.24278846153846154 0.038461538461538464 0.06009615384615385
0 0.3425480769230769 0.23557692307692307 0.036057692307692304 0.055288461538461536
0 0.3112980769230769 0.23197115384615385 0.040865384615384616 0.0625
0 0.2824519230769231 0.22235576923076922 0.040865384615384616 0.0673076923076923
0 0.25600961538461536 0.21754807692307693 0.040865384615384616 0.06009615384615385
0 0.22716346153846154 0.2091346153846154 0.04807692307692308 0.06971153846153846
0 0.8197115384615384 0.4543269230769231 0.055288461538461536 0.0673076923076923
0 0.7956730769230769 0.4483173076923077 0.052884615384615384 0.06971153846153846
0 0.7680288461538461 0.44591346153846156 0.05048076923076923 0.07211538461538461
0 0.7355769230769231 0.43990384615384615 0.05048076923076923 0.06490384615384616
0 0.7055288461538461 0.43509615384615385 0.04807692307692308 0.0673076923076923
0 0.6670673076923077 0.4266826923076923 0.04567307692307692 0.0625
0 0.6430288461538461 0.4206730769230769 0.04807692307692308 0.0673076923076923
0 0.609375 0.40865384615384615 0.04326923076923077 0.06490384615384616
0 0.5817307692307693 0.40625 0.04326923076923077 0.0625
0 0.5540865384615384 0.39903846153846156 0.04807692307692308 0.06971153846153846
0 0.5240384615384616 0.3918269230769231 0.04326923076923077 0.0673076923076923
0 0.49759615384615385 0.38822115384615385 0.04326923076923077 0.0673076923076923
0 0.46634615384615385 0.38100961538461536 0.04326923076923077 0.07451923076923077
0 0.4362980769230769 0.3762019230769231 0.040865384615384616 0.06490384615384616
0 0.4074519230769231 0.36658653846153844 0.04567307692307692 0.06971153846153846
0 0.3737980769230769 0.3557692307692308 0.04567307692307692 0.07692307692307693
0 0.34134615384615385 0.3557692307692308 0.04567307692307692 0.07932692307692307
0 0.3125 0.3449519230769231 0.05048076923076923 0.07932692307692307
0 0.2800480769230769 0.34134615384615385 0.04567307692307692 0.07692307692307693
0 0.24759615384615385 0.33413461538461536 0.052884615384615384 0.08173076923076923
0 0.21514423076923078 0.3269230769230769 0.04567307692307692 0.07692307692307693
0 0.1814903846153846 0.32211538461538464 0.05048076923076923 0.07211538461538461
0 0.8293269230769231 0.5204326923076923 0.052884615384615384 0.08653846153846154
0 0.8004807692307693 0.5168269230769231 0.06009615384615385 0.0889423076923077
0 0.7740384615384616 0.5072115384615384 0.055288461538461536 0.09134615384615384
0 0.7439903846153846 0.5096153846153846 0.055288461538461536 0.08653846153846154
0 0.7139423076923077 0.5012019230769231 0.052884615384615384 0.08653846153846154
0 0.6694711538461539 0.4963942307692308 0.04807692307692308 0.09134615384615384
0 0.6382211538461539 0.4879807692307692 0.057692307692307696 0.09134615384615384
0 0.6105769230769231 0.4831730769230769 0.052884615384615384 0.08413461538461539
0 0.578125 0.4735576923076923 0.052884615384615384 0.09134615384615384
0 0.5480769230769231 0.47115384615384615 0.04567307692307692 0.07932692307692307
0 0.515625 0.4651442307692308 0.04807692307692308 0.08173076923076923
0 0.48677884615384615 0.46033653846153844 0.04567307692307692 0.07692307692307693
0 0.453125 0.4519230769230769 0.040865384615384616 0.07692307692307693
0 0.4230769230769231 0.44711538461538464 0.04567307692307692 0.07692307692307693
0 0.39302884615384615 0.43990384615384615 0.04326923076923077 0.07692307692307693
0 0.3605769230769231 0.43149038461538464 0.04567307692307692 0.07692307692307693
0 0.32572115384615385 0.42788461538461536 0.04326923076923077 0.07692307692307693
0 0.2956730769230769 0.41947115384615385 0.04807692307692308 0.07211538461538461
0 0.2608173076923077 0.41466346153846156 0.04807692307692308 0.07932692307692307
0 0.2283653846153846 0.40384615384615385 0.052884615384615384 0.08173076923076923
0 0.19471153846153846 0.4014423076923077 0.04807692307692308 0.07451923076923077
0 0.15985576923076922 0.3870192307692308 0.057692307692307696 0.08173076923076923
0 0.8533653846153846 0.6838942307692307 0.06009615384615385 0.09134615384615384
0 0.8233173076923077 0.6802884615384616 0.06009615384615385 0.08653846153846154
0 0.7884615384615384 0.6742788461538461 0.06009615384615385 0.0889423076923077
0 0.7572115384615384 0.6658653846153846 0.055288461538461536 0.08653846153846154
0 0.7235576923076923 0.6658653846153846 0.057692307692307696 0.08173076923076923
0 0.6730769230769231 0.6526442307692307 0.052884615384615384 0.07932692307692307
0 0.6394230769230769 0.6430288461538461 0.055288461538461536 0.08653846153846154
0 0.6021634615384616 0.6394230769230769 0.06490384615384616 0.09375
0 0.5709134615384616 0.6334134615384616 0.057692307692307696 0.08653846153846154
0 0.5372596153846154 0.6310096153846154 0.057692307692307696 0.0889423076923077
0 0.5036057692307693 0.6237980769230769 0.05048076923076923 0.08653846153846154
0 0.46875 0.6189903846153846 0.052884615384615384 0.09375
0 0.43509615384615385 0.6081730769230769 0.052884615384615384 0.08413461538461539
0 0.39663461538461536 0.6021634615384616 0.052884615384615384 0.09375
0 0.36177884615384615 0.59375 0.05048076923076923 0.0889423076923077
0 0.3233173076923077 0.5913461538461539 0.052884615384615384 0.0889423076923077
0 0.2860576923076923 0.5865384615384616 0.057692307692307696 0.09134615384615384
0 0.24879807692307693 0.5769230769230769 0.057692307692307696 0.0889423076923077
0 0.21153846153846154 0.5685096153846154 0.057692307692307696 0.09615384615384616
0 0.17427884615384615 0.5649038461538461 0.0625 0.10096153846153846
0 0.13942307692307693 0.5540865384615384 0.057692307692307696 0.09615384615384616
0 0.10216346153846154 0.5444711538461539 0.06490384615384616 0.09615384615384616
0 0.8930288461538461 0.8137019230769231 0.0673076923076923 0.08413461538461539
0 0.8557692307692307 0.8100961538461539 0.07211538461538461 0.09615384615384616
0 0.8137019230769231 0.8052884615384616 0.07211538461538461 0.09615384615384616
1 0.7752403846153846 0.796875 0.07692307692307693 0.10096153846153846
0 0.7331730769230769 0.7860576923076923 0.07211538461538461 0.10336538461538461
0 0.6959134615384616 0.7788461538461539 0.06971153846153846 0.0985576923076923
0 0.6526442307692307 0.7692307692307693 0.0673076923076923 0.0889423076923077
0 0.6081730769230769 0.7644230769230769 0.0673076923076923 0.0889423076923077
0 0.5649038461538461 0.7620192307692307 0.0673076923076923 0.09375
0 0.5228365384615384 0.7487980769230769 0.06490384615384616 0.09134615384615384
0 0.4807692307692308 0.7451923076923077 0.057692307692307696 0.09375
0 0.4411057692307692 0.7403846153846154 0.0625 0.09615384615384616