0 0.265625 0.2668269230769231 0.04567307692307692 0.07211538461538461
0 0.2932692307692308 0.27163461538461536 0.04567307692307692 0.07692307692307693
0 0.3233173076923077 0.27403846153846156 0.04326923076923077 0.07692307692307693
0 0.35096153846153844 0.27524038461538464 0.04567307692307692 0.07692307692307693
0 0.3786057692307692 0.2800480769230769 0.04326923076923077 0.07211538461538461
0 0.42427884615384615 0.28125 0.04326923076923077 0.07451923076923077
0 0.45552884615384615 0.28365384615384615 0.036057692307692304 0.06971153846153846
0 0.4831730769230769 0.28846153846153844 0.036057692307692304 0.07451923076923077
0 0.5096153846153846 0.28846153846153844 0.036057692307692304 0.07451923076923077
0 0.5396634615384616 0.2920673076923077 0.036057692307692304 0.07211538461538461
0 0.5673076923076923 0.2920673076923077 0.03365384615384615 0.0625
0 0.5973557692307693 0.29447115384615385 0.036057692307692304 0.06490384615384616
0 0.6286057692307693 0.2932692307692308 0.03365384615384615 0.06009615384615385
0 0.6598557692307693 0.2956730769230769 0.038461538461538464 0.06971153846153846
0 0.6923076923076923 0.2980769230769231 0.03365384615384615 0.06971153846153846
0 0.7223557692307693 0.3004807692307692 0.036057692307692304 0.0625
0 0.7548076923076923 0.30288461538461536 0.036057692307692304 0.0625
0 0.7860576923076923 0.3016826923076923 0.036057692307692304 0.06009615384615385
0 0.8197115384615384 0.3076923076923077 0.038461538461538464 0.06490384615384616
0 0.8533653846153846 0.30649038461538464 0.036057692307692304 0.07211538461538461
0 0.8822115384615384 0.3088942307692308 0.040865384615384616 0.06490384615384616
0 0.9146634615384616 0.3076923076923077 0.04567307692307692 0.07211538461538461
0 0.2127403846153846 0.3894230769230769 0.052884615384615384 0.07211538461538461
0 0.24158653846153846 0.390625 0.052884615384615384 0.07451923076923077
0 0.27163461538461536 0.3954326923076923 0.05048076923076923 0.07451923076923077
0 0.30649038461538464 0.39903846153846156 0.05048076923076923 0.06971153846153846
0 0.34134615384615385 0.4026442307692308 0.04567307692307692 0.07211538461538461
0 0.38221153846153844 0.40625 0.04567307692307692 0.0673076923076923
0 0.4110576923076923 0.4074519230769231 0.04567307692307692 0.07211538461538461
0 0.45072115384615385 0.4050480769230769 0.04326923076923077 0.0673076923076923
0 0.47836538461538464 0.4098557692307692 0.04326923076923077 0.0673076923076923
0 0.5120192307692307 0.4110576923076923 0.04567307692307692 0.07211538461538461
0 0.5456730769230769 0.41346153846153844 0.040865384615384616 0.07211538461538461
0 0.5745192307692307 0.41586538461538464 0.040865384615384616 0.06971153846153846
0 0.609375 0.4182692307692308 0.040865384615384616 0.07932692307692307
0 0.6430288461538461 0.421875 0.038461538461538464 0.06971153846153846
0 0.6766826923076923 0.421875 0.04567307692307692 0.07451923076923077
0 0.7151442307692307 0.41947115384615385 0.040865384615384616 0.08413461538461539
0 0.75 0.42908653846153844 0.040865384615384616 0.08653846153846154
0 0.7848557692307693 0.4266826923076923 0.04567307692307692 0.08653846153846154
0 0.8197115384615384 0.4326923076923077 0.04326923076923077 0.08173076923076923
0 0.8557692307692307 0.4362980769230769 0.04807692307692308 0.08653846153846154
0 0.8930288461538461 0.4375 0.04326923076923077 0.08173076923076923
0 0.9302884615384616 0.4423076923076923 0.04807692307692308 0.07692307692307693
0 0.18269230769230768 0.45552884615384615 0.04807692307692308 0.09134615384615384
0 0.21514423076923078 0.46033653846153844 0.057692307692307696 0.09375
0 0.24639423076923078 0.4579326923076923 0.052884615384615384 0.09615384615384616
0 0.27524038461538464 0.47115384615384615 0.052884615384615384 0.09375
0 0.31009615384615385 0.47115384615384615 0.04807692307692308 0.09375
0 0.3605769230769231 0.4795673076923077 0.040865384615384616 0.0985576923076923
0 0.3954326923076923 0.4795673076923077 0.055288461538461536 0.0985576923076923
0 0.4254807692307692 0.484375 0.05048076923076923 0.09134615384615384
0 0.46274038461538464 0.48197115384615385 0.05048076923076923 0.09615384615384616
0 0.4951923076923077 0.49038461538461536 0.040865384615384616 0.08653846153846154
0 0.5324519230769231 0.49278846153846156 0.04326923076923077 0.08653846153846154
0 0.5637019230769231 0.49759615384615385 0.04326923076923077 0.08173076923076923
0 0.6021634615384616 0.4963942307692308 0.036057692307692304 0.08173076923076923
0 0.6346153846153846 0.5024038461538461 0.04326923076923077 0.08173076923076923
0 0.6694711538461539 0.5036057692307693 0.038461538461538464 0.08413461538461539
0 0.7067307692307693 0.5036057692307693 0.040865384615384616 0.08413461538461539
0 0.7451923076923077 0.5120192307692307 0.040865384615384616 0.08173076923076923
0 0.7800480769230769 0.5120192307692307 0.04567307692307692 0.07692307692307693
0 0.8185096153846154 0.515625 0.04326923076923077 0.08653846153846154
0 0.8545673076923077 0.5168269230769231 0.05048076923076923 0.08653846153846154
0 0.8918269230769231 0.5216346153846154 0.04567307692307692 0.07932692307692307
0 0.9326923076923077 0.5180288461538461 0.052884615384615384 0.0889423076923077
0 0.10817307692307693 0.6225961538461539 0.057692307692307696 0.0985576923076923
0 0.140625 0.6274038461538461 0.057692307692307696 0.09134615384615384
0 0.17908653846153846 0.6322115384615384 0.057692307692307696 0.09375
0 0.21514423076923078 0.6334134615384616 0.055288461538461536 0.09134615384615384
0 0.2512019230769231 0.6418269230769231 0.052884615384615384 0.0889423076923077
0 0.3088942307692308 0.6442307692307693 0.05048076923076923 0.08173076923076923
0 0.3473557692307692 0.6442307692307693 0.052884615384615384 0.09134615384615384
0 0.3870192307692308 0.6514423076923077 0.0625 0.0985576923076923
0 0.4230769230769231 0.6550480769230769 0.055288461538461536 0.09375
0 0.46033653846153844 0.6622596153846154 0.055288461538461536 0.09375
0 0.4963942307692308 0.6634615384615384 0.04807692307692308 0.09375
0 0.5360576923076923 0.6694711538461539 0.05048076923076923 0.10096153846153846
0 0.5745192307692307 0.6694711538461539 0.05048076923076923 0.09134615384615384
0 0.6165865384615384 0.6742788461538461 0.04807692307692308 0.0985576923076923
0 0.65625 0.6754807692307693 0.04807692307692308 0.09375
0 0.6971153846153846 0.6850961538461539 0.04807692307692308 0.09375
0 0.7391826923076923 0.6911057692307693 0.055288461538461536 0.0985576923076923
0 0.78125 0.6923076923076923 0.055288461538461536 0.09615384615384616
0 0.8221153846153846 0.6959134615384616 0.055288461538461536 0.10336538461538461
0 0.8641826923076923 0.7019230769230769 0.057692307692307696 0.10817307692307693
0 0.9038461538461539 0.7007211538461539 0.055288461538461536 0.10336538461538461
0 0.9471153846153846 0.7019230769230769 0.0625 0.10336538461538461
0 0.028846153846153848 0.7463942307692307 0.057692307692307696 0.0889423076923077
0 0.06610576923076923 0.7548076923076923 0.06971153846153846 0.10096153846153846
0 0.11298076923076923 0.7620192307692307 0.06971153846153846 0.10096153846153846
1 0.15745192307692307 0.765625 0.07451923076923077 0.10576923076923077
0 0.20432692307692307 0.7668269230769231 0.06971153846153846 0.11057692307692307
0 0.24639423076923078 0.7704326923076923 0.0673076923076923 0.10336538461538461
0 0.29447115384615385 0.7740384615384616 0.0673076923076923 0.09375
0 0.34375 0.7836538461538461 0.0673076923076923 0.09375
0 0.38822115384615385 0.7932692307692307 0.06490384615384616 0.0985576923076923
0 0.4387019230769231 0.7920673076923077 0.0625 0.09615384615384616
0 0.4831730769230769 0.8004807692307693 0.055288461538461536 0.10096153846153846
0 0.5276442307692307 0.8076923076923077 0.06009615384615385 0.10336538461538461