0 0.78125 0.2668269230769231 0.04567307692307692 0.07451923076923077
0 0.7524038461538461 0.2668269230769231 0.04567307692307692 0.07692307692307693
0 0.7247596153846154 0.26322115384615385 0.04567307692307692 0.07692307692307693
0 0.6971153846153846 0.25961538461538464 0.04807692307692308 0.07692307692307693
0 0.6694711538461539 0.25961538461538464 0.04326923076923077 0.07211538461538461
0 0.625 0.25 0.04326923076923077 0.07451923076923077
0 0.59375 0.24759615384615385 0.036057692307692304 0.06971153846153846
0 0.5661057692307693 0.24759615384615385 0.036057692307692304 0.07451923076923077
0 0.5396634615384616 0.2403846153846154 0.036057692307692304 0.07451923076923077
0 0.5108173076923077 0.2403846153846154 0.038461538461538464 0.06971153846153846
0 0.4831730769230769 0.234375 0.03365384615384615 0.0625
0 0.453125 0.23197115384615385 0.036057692307692304 0.06490384615384616
0 0.4230769230769231 0.22235576923076922 0.03365384615384615 0.0625
0 0.39302884615384615 0.21995192307692307 0.038461538461538464 0.06971153846153846
0 0.3605769230769231 0.21754807692307693 0.03365384615384615 0.06971153846153846
0 0.3317307692307692 0.2127403846153846 0.036057692307692304 0.0625
0 0.29927884615384615 0.2091346153846154 0.036057692307692304 0.0625
0 0.2692307692307692 0.203125 0.036057692307692304 0.06009615384615385
0 0.23557692307692307 0.20192307692307693 0.040865384615384616 0.06490384615384616
0 0.203125 0.19471153846153846 0.038461538461538464 0.07211538461538461
0 0.17548076923076922 0.19110576923076922 0.040865384615384616 0.0625
0 0.14302884615384615 0.18389423076923078 0.04567307692307692 0.07451923076923077
0 0.8076923076923077 0.3954326923076923 0.052884615384615384 0.06971153846153846
0 0.78125 0.390625 0.052884615384615384 0.07451923076923077
0 0.7524038461538461 0.3894230769230769 0.04807692307692308 0.07451923076923077
0 0.7163461538461539 0.3858173076923077 0.05048076923076923 0.06971153846153846
0 0.6814903846153846 0.38461538461538464 0.04807692307692308 0.07211538461538461
0 0.640625 0.3798076923076923 0.04567307692307692 0.0673076923076923
0 0.6129807692307693 0.375 0.04567307692307692 0.07211538461538461
0 0.5757211538461539 0.36538461538461536 0.04326923076923077 0.0673076923076923
0 0.546875 0.3641826923076923 0.04326923076923077 0.06490384615384616
0 0.5144230769230769 0.3605769230769231 0.04567307692307692 0.07451923076923077
0 0.4807692307692308 0.3557692307692308 0.040865384615384616 0.06971153846153846
0 0.453125 0.35336538461538464 0.040865384615384616 0.06971153846153846
0 0.41947115384615385 0.3485576923076923 0.040865384615384616 0.07932692307692307
0 0.3858173076923077 0.34615384615384615 0.038461538461538464 0.06971153846153846
0 0.35216346153846156 0.3389423076923077 0.04567307692307692 0.07451923076923077
0 0.3161057692307692 0.33052884615384615 0.040865384615384616 0.08413461538461539
0 0.28125 0.3317307692307692 0.04326923076923077 0.08413461538461539
0 0.24759615384615385 0.3233173076923077 0.04807692307692308 0.08653846153846154
0 0.2127403846153846 0.32211538461538464 0.04326923076923077 0.07932692307692307
0 0.17668269230769232 0.31850961538461536 0.05048076923076923 0.08653846153846154
0 0.13942307692307693 0.31490384615384615 0.04567307692307692 0.08173076923076923
0 0.1045673076923077 0.3112980769230769 0.04807692307692308 0.07692307692307693
0 0.8257211538461539 0.4651442307692308 0.05048076923076923 0.09134615384615384
0 0.7932692307692307 0.4639423076923077 0.057692307692307696 0.09375
0 0.7632211538461539 0.4567307692307692 0.052884615384615384 0.09615384615384616
0 0.7319711538461539 0.46153846153846156 0.052884615384615384 0.09134615384615384
0 0.6995192307692307 0.45552884615384615 0.05048076923076923 0.09375
0 0.6502403846153846 0.4543269230769231 0.04326923076923077 0.09615384615384616
0 0.6153846153846154 0.4495192307692308 0.055288461538461536 0.09615384615384616
0 0.5841346153846154 0.44711538461538464 0.05048076923076923 0.09134615384615384
0 0.5492788461538461 0.4387019230769231 0.05048076923076923 0.09615384615384616
0 0.515625 0.43990384615384615 0.04326923076923077 0.08653846153846154
0 0.4795673076923077 0.4362980769230769 0.04567307692307692 0.08653846153846154
0 0.4483173076923077 0.4326923076923077 0.04326923076923077 0.08173076923076923
0 0.4110576923076923 0.4266826923076923 0.036057692307692304 0.08173076923076923
0 0.3786057692307692 0.42427884615384615 0.04326923076923077 0.08173076923076923
0 0.34375 0.4206730769230769 0.040865384615384616 0.08413461538461539
0 0.3076923076923077 0.41346153846153844 0.04326923076923077 0.08413461538461539
0 0.2704326923076923 0.41346153846153844 0.04326923076923077 0.08173076923076923
0 0.23677884615384615 0.4074519230769231 0.04807692307692308 0.07692307692307693
0 0.19831730769230768 0.40384615384615385 0.04326923076923077 0.08413461538461539
0 0.1622596153846154 0.39663461538461536 0.05048076923076923 0.08653846153846154
0 0.125 0.39663461538461536 0.04567307692307692 0.07932692307692307
0 0.08653846153846154 0.3858173076923077 0.055288461538461536 0.08653846153846154
0 0.8665865384615384 0.640625 0.06009615384615385 0.09615384615384616
0 0.8341346153846154 0.640625 0.06009615384615385 0.09134615384615384
0 0.7944711538461539 0.6370192307692307 0.057692307692307696 0.09134615384615384
0 0.7608173076923077 0.6310096153846154 0.055288461538461536 0.09134615384615384
0 0.7235576923076923 0.6334134615384616 0.055288461538461536 0.08653846153846154
0 0.6682692307692307 0.6237980769230769 0.05048076923076923 0.08173076923076923
0 0.6310096153846154 0.6177884615384616 0.052884615384615384 0.09134615384615384
0 0.5901442307692307 0.6165865384615384 0.0625 0.0985576923076923
0 0.5552884615384616 0.6129807692307693 0.055288461538461536 0.09134615384615384
0 0.5180288461538461 0.6129807692307693 0.055288461538461536 0.09375
0 0.4831730769230769 0.6081730769230769 0.04807692307692308 0.09375
0 0.4423076923076923 0.6069711538461539 0.05048076923076923 0.10096153846153846
0 0.4050480769230769 0.5985576923076923 0.05048076923076923 0.09134615384615384
0 0.3641826923076923 0.5961538461538461 0.05048076923076923 0.0985576923076923
0 0.3245192307692308 0.5889423076923077 0.04807692307692308 0.09615384615384616
0 0.28365384615384615 0.5913461538461539 0.05048076923076923 0.09615384615384616
0 0.24158653846153846 0.5889423076923077 0.055288461538461536 0.09615384615384616
0 0.20072115384615385 0.5817307692307693 0.055288461538461536 0.09615384615384616
0 0.16105769230769232 0.5769230769230769 0.055288461538461536 0.10336538461538461
0 0.11899038461538461 0.5757211538461539 0.06009615384615385 0.10576923076923077
0 0.07932692307692307 0.5673076923076923 0.055288461538461536 0.10336538461538461
0 0.039663461538461536 0.5600961538461539 0.06490384615384616 0.10336538461538461
0 0.9230769230769231 0.7776442307692307 0.0673076923076923 0.0889423076923077
0 0.8822115384615384 0.7764423076923077 0.06971153846153846 0.0985576923076923
0 0.8365384615384616 0.7740384615384616 0.06971153846153846 0.10096153846153846
1 0.7932692307692307 0.7704326923076923 0.07692307692307693 0.10576923076923077
0 0.7463942307692307 0.7632211538461539 0.06971153846153846 0.10817307692307693
0 0.7043269230769231 0.7584134615384616 0.06971153846153846 0.10336538461538461
0 0.6574519230769231 0.7524038461538461 0.0673076923076923 0.09375
0 0.6081730769230769 0.7524038461538461 0.0673076923076923 0.09375
0 0.5612980769230769 0.7548076923076923 0.06490384615384616 0.0985576923076923
0 0.5144230769230769 0.7427884615384616 0.0625 0.09615384615384616
0 0.46875 0.7427884615384616 0.055288461538461536 0.0985576923076923
0 0.4254807692307692 0.7427884615384616 0.06009615384615385 0.10096153846153846