0 0.1875 0.2980769230769231 0.04326923076923077 0.06971153846153846
0 0.21514423076923078 0.3016826923076923 0.04326923076923077 0.07451923076923077
0 0.2439903846153846 0.30408653846153844 0.040865384615384616 0.07451923076923077
0 0.2704326923076923 0.30408653846153844 0.04326923076923077 0.07451923076923077
0 0.2980769230769231 0.3076923076923077 0.040865384615384616 0.06971153846153846
0 0.3425480769230769 0.30649038461538464 0.038461538461538464 0.07211538461538461
0 0.37259615384615385 0.3076923076923077 0.03365384615384615 0.0673076923076923
0 0.40024038461538464 0.3112980769230769 0.03125 0.07211538461538461
0 0.42788461538461536 0.3112980769230769 0.03365384615384615 0.07211538461538461
0 0.4567307692307692 0.3137019230769231 0.03365384615384615 0.06971153846153846
0 0.484375 0.3125 0.03125 0.06009615384615385
0 0.5132211538461539 0.3137019230769231 0.03125 0.06490384615384616
0 0.5432692307692307 0.3112980769230769 0.03125 0.06009615384615385
0 0.5745192307692307 0.3125 0.03365384615384615 0.0673076923076923
0 0.6057692307692307 0.3137019230769231 0.03125 0.0673076923076923
0 0.6346153846153846 0.31490384615384615 0.03365384615384615 0.06009615384615385
0 0.6658653846153846 0.3161057692307692 0.03365384615384615 0.06009615384615385
0 0.6971153846153846 0.31490384615384615 0.03365384615384615 0.057692307692307696
0 0.7307692307692307 0.31850961538461536 0.036057692307692304 0.0625
0 0.7620192307692307 0.3161057692307692 0.03365384615384615 0.06971153846153846
0 0.7908653846153846 0.3173076923076923 0.036057692307692304 0.06009615384615385
0 0.8233173076923077 0.3173076923076923 0.04326923076923077 0.06971153846153846
0 0.140625 0.41947115384615385 0.04807692307692308 0.0673076923076923
0 0.16826923076923078 0.41947115384615385 0.04807692307692308 0.06971153846153846
0 0.19831730769230768 0.4230769230769231 0.04567307692307692 0.07211538461538461
0 0.23317307692307693 0.42427884615384615 0.04567307692307692 0.06490384615384616
0 0.2668269230769231 0.42908653846153844 0.04326923076923077 0.06971153846153846
0 0.3076923076923077 0.43028846153846156 0.040865384615384616 0.06490384615384616
0 0.33533653846153844 0.43028846153846156 0.040865384615384616 0.06971153846153846
0 0.37259615384615385 0.4254807692307692 0.040865384615384616 0.06490384615384616
0 0.4014423076923077 0.43028846153846156 0.040865384615384616 0.06490384615384616
0 0.4326923076923077 0.43028846153846156 0.040865384615384616 0.06971153846153846
0 0.46634615384615385 0.43028846153846156 0.038461538461538464 0.06971153846153846
0 0.4951923076923077 0.4338942307692308 0.036057692307692304 0.0673076923076923
0 0.5288461538461539 0.4338942307692308 0.036057692307692304 0.07692307692307693
0 0.5625 0.4375 0.036057692307692304 0.0673076923076923
0 0.5949519230769231 0.43509615384615385 0.040865384615384616 0.07211538461538461
0 0.6322115384615384 0.4326923076923077 0.038461538461538464 0.08173076923076923
0 0.6670673076923077 0.4387019230769231 0.038461538461538464 0.08173076923076923
0 0.6995192307692307 0.4375 0.04326923076923077 0.08173076923076923
0 0.734375 0.4411057692307692 0.038461538461538464 0.07692307692307693
0 0.7692307692307693 0.44350961538461536 0.04567307692307692 0.08413461538461539
0 0.8064903846153846 0.44350961538461536 0.040865384615384616 0.07932692307692307
0 0.8413461538461539 0.44711538461538464 0.04326923076923077 0.07451923076923077
0 0.1141826923076923 0.484375 0.04326923076923077 0.0889423076923077
0 0.14543269230769232 0.4891826923076923 0.052884615384615384 0.0889423076923077
0 0.17548076923076922 0.48677884615384615 0.04807692307692308 0.09375
0 0.20552884615384615 0.4951923076923077 0.04807692307692308 0.0889423076923077
0 0.23918269230769232 0.4963942307692308 0.04326923076923077 0.0889423076923077
0 0.28846153846153844 0.5024038461538461 0.038461538461538464 0.09375
0 0.32211538461538464 0.5012019230769231 0.05048076923076923 0.09375
0 0.35216346153846156 0.5048076923076923 0.04567307692307692 0.08653846153846154
0 0.38822115384615385 0.5012019230769231 0.04567307692307692 0.09375
0 0.4206730769230769 0.5084134615384616 0.038461538461538464 0.08413461538461539
0 0.4567307692307692 0.5096153846153846 0.040865384615384616 0.08413461538461539
0 0.48677884615384615 0.5120192307692307 0.040865384615384616 0.07932692307692307
0 0.5252403846153846 0.5108173076923077 0.03365384615384615 0.07932692307692307
0 0.5564903846153846 0.5132211538461539 0.038461538461538464 0.07932692307692307
0 0.5901442307692307 0.515625 0.036057692307692304 0.08173076923076923
0 0.6274038461538461 0.5144230769230769 0.038461538461538464 0.08173076923076923
0 0.6634615384615384 0.5192307692307693 0.038461538461538464 0.07932692307692307
0 0.6971153846153846 0.5204326923076923 0.04326923076923077 0.07451923076923077
0 0.7355769230769231 0.5216346153846154 0.040865384615384616 0.08173076923076923
0 0.7704326923076923 0.5216346153846154 0.04567307692307692 0.08173076923076923
0 0.8076923076923077 0.5252403846153846 0.04326923076923077 0.07692307692307693
0 0.8473557692307693 0.5216346153846154 0.05048076923076923 0.08413461538461539
0 0.04567307692307692 0.6490384615384616 0.052884615384615384 0.09375
0 0.078125 0.6550480769230769 0.052884615384615384 0.0889423076923077
0 0.11778846153846154 0.6574519230769231 0.052884615384615384 0.0889423076923077
0 0.15264423076923078 0.65625 0.05048076923076923 0.08653846153846154
0 0.18629807692307693 0.6646634615384616 0.05048076923076923 0.08413461538461539
0 0.24278846153846154 0.6634615384615384 0.04567307692307692 0.07932692307692307
0 0.28125 0.6634615384615384 0.04807692307692308 0.08653846153846154
0 0.31850961538461536 0.6694711538461539 0.057692307692307696 0.09615384615384616
0 0.3545673076923077 0.671875 0.05048076923076923 0.0889423076923077
0 0.390625 0.6766826923076923 0.05048076923076923 0.0889423076923077
0 0.4266826923076923 0.6766826923076923 0.04326923076923077 0.0889423076923077
0 0.4651442307692308 0.6814903846153846 0.04567307692307692 0.0985576923076923
0 0.5036057692307693 0.6790865384615384 0.04567307692307692 0.08653846153846154
0 0.5444711538461539 0.6826923076923077 0.04567307692307692 0.09615384615384616
0 0.5829326923076923 0.6838942307692307 0.04326923076923077 0.09134615384615384
0 0.6237980769230769 0.6923076923076923 0.04326923076923077 0.09134615384615384
0 0.6646634615384616 0.6959134615384616 0.05048076923076923 0.09375
0 0.7055288461538461 0.6959134615384616 0.05048076923076923 0.09134615384615384
0 0.7463942307692307 0.6971153846153846 0.05048076923076923 0.0985576923076923
0 0.7860576923076923 0.703125 0.052884615384615384 0.10096153846153846
0 0.8257211538461539 0.6995192307692307 0.05048076923076923 0.0985576923076923
0 0.8677884615384616 0.6995192307692307 0.057692307692307696 0.0985576923076923
0 0.020432692307692308 0.7800480769230769 0.040865384615384616 0.09375
0 0.056490384615384616 0.7860576923076923 0.06490384615384616 0.09615384615384616
1 0.0985576923076923 0.7884615384615384 0.06971153846153846 0.10096153846153846
0 0.14543269230769232 0.7884615384615384 0.06490384615384616 0.10576923076923077
0 0.18629807692307693 0.7908653846153846 0.0625 0.0985576923076923
1 0.234375 0.7920673076923077 0.0625 0.0889423076923077
0 0.2824519230769231 0.7980769230769231 0.0625 0.0889423076923077
0 0.32572115384615385 0.8076923076923077 0.06009615384615385 0.09375
0 0.375 0.8052884615384616 0.057692307692307696 0.09375
0 0.4182692307692308 0.8112980769230769 0.05048076923076923 0.09615384615384616
0 0.46274038461538464 0.8173076923076923 0.055288461538461536 0.0985576923076923