0 0.2932692307692308 0.2283653846153846 0.05048076923076923 0.07211538461538461
0 0.3173076923076923 0.23677884615384615 0.05048076923076923 0.07692307692307693
0 0.3449519230769231 0.24158653846153846 0.04807692307692308 0.07451923076923077
0 0.3713942307692308 0.24639423076923078 0.05048076923076923 0.07692307692307693
0 0.39663461538461536 0.2536057692307692 0.04807692307692308 0.06971153846153846
0 0.4387019230769231 0.25841346153846156 0.04807692307692308 0.07211538461538461
0 0.46634615384615385 0.265625 0.040865384615384616 0.0673076923076923
0 0.49158653846153844 0.27283653846153844 0.038461538461538464 0.06971153846153846
0 0.5180288461538461 0.27524038461538464 0.040865384615384616 0.06971153846153846
0 0.5444711538461539 0.28365384615384615 0.040865384615384616 0.0673076923076923
0 0.5697115384615384 0.2860576923076923 0.038461538461538464 0.06009615384615385
0 0.5973557692307693 0.2920673076923077 0.038461538461538464 0.0625
0 0.6274038461538461 0.2920673076923077 0.038461538461538464 0.06009615384615385
0 0.6550480769230769 0.29927884615384615 0.04326923076923077 0.0673076923076923
0 0.6850961538461539 0.30528846153846156 0.038461538461538464 0.0673076923076923
0 0.7127403846153846 0.31009615384615385 0.040865384615384616 0.06009615384615385
0 0.7415865384615384 0.3161057692307692 0.040865384615384616 0.06009615384615385
0 0.7716346153846154 0.31971153846153844 0.038461538461538464 0.06009615384615385
0 0.8016826923076923 0.328125 0.04326923076923077 0.0625
0 0.8329326923076923 0.3317307692307692 0.040865384615384616 0.06971153846153846
0 0.859375 0.33653846153846156 0.04326923076923077 0.0625
0 0.890625 0.34134615384615385 0.05048076923076923 0.07211538461538461
0 0.23076923076923078 0.33533653846153844 0.057692307692307696 0.06971153846153846
0 0.25600961538461536 0.3389423076923077 0.055288461538461536 0.07211538461538461
0 0.28365384615384615 0.3473557692307692 0.052884615384615384 0.07211538461538461
0 0.3161057692307692 0.3545673076923077 0.052884615384615384 0.06971153846153846
0 0.3473557692307692 0.36177884615384615 0.05048076923076923 0.06971153846153846
0 0.3858173076923077 0.3701923076923077 0.04807692307692308 0.06490384615384616
0 0.41225961538461536 0.375 0.05048076923076923 0.06971153846153846
0 0.4495192307692308 0.3762019230769231 0.04567307692307692 0.0673076923076923
0 0.47596153846153844 0.38461538461538464 0.04567307692307692 0.06490384615384616
0 0.5048076923076923 0.3894230769230769 0.05048076923076923 0.07211538461538461
0 0.5360576923076923 0.3942307692307692 0.04567307692307692 0.06971153846153846
0 0.5625 0.4014423076923077 0.04567307692307692 0.0673076923076923
0 0.5949519230769231 0.4074519230769231 0.04567307692307692 0.07692307692307693
0 0.6262019230769231 0.41466346153846156 0.04326923076923077 0.0673076923076923
0 0.65625 0.4182692307692308 0.04807692307692308 0.07211538461538461
0 0.6923076923076923 0.4206730769230769 0.04567307692307692 0.08173076923076923
0 0.7235576923076923 0.4326923076923077 0.04807692307692308 0.08173076923076923
0 0.7560096153846154 0.43509615384615385 0.052884615384615384 0.08413461538461539
0 0.7872596153846154 0.44471153846153844 0.04807692307692308 0.07692307692307693
0 0.8197115384615384 0.45072115384615385 0.055288461538461536 0.08413461538461539
0 0.8545673076923077 0.4579326923076923 0.05048076923076923 0.07932692307692307
0 0.8882211538461539 0.46634615384615385 0.052884615384615384 0.07692307692307693
0 0.19591346153846154 0.39302884615384615 0.055288461538461536 0.0889423076923077
0 0.2247596153846154 0.4014423076923077 0.0625 0.09134615384615384
0 0.25240384615384615 0.4026442307692308 0.06009615384615385 0.09375
0 0.2800480769230769 0.4170673076923077 0.057692307692307696 0.0889423076923077
0 0.3112980769230769 0.421875 0.055288461538461536 0.09134615384615384
0 0.35697115384615385 0.43509615384615385 0.04807692307692308 0.09375
0 0.3894230769230769 0.43990384615384615 0.0625 0.09375
0 0.4170673076923077 0.44711538461538464 0.055288461538461536 0.0889423076923077
0 0.4519230769230769 0.4495192307692308 0.057692307692307696 0.09375
0 0.4807692307692308 0.46033653846153844 0.04567307692307692 0.08173076923076923
0 0.5144230769230769 0.4675480769230769 0.05048076923076923 0.08413461538461539
0 0.5432692307692307 0.47475961538461536 0.05048076923076923 0.07932692307692307
0 0.578125 0.47836538461538464 0.04326923076923077 0.07692307692307693
0 0.609375 0.48677884615384615 0.04807692307692308 0.07932692307692307
0 0.6418269230769231 0.49278846153846156 0.04567307692307692 0.07932692307692307
0 0.6766826923076923 0.4963942307692308 0.04807692307692308 0.08173076923076923
0 0.7091346153846154 0.5072115384615384 0.04807692307692308 0.07932692307692307
0 0.7415865384615384 0.5132211538461539 0.05048076923076923 0.07692307692307693
0 0.7764423076923077 0.5204326923076923 0.05048076923076923 0.08173076923076923
0 0.8100961538461539 0.5252403846153846 0.055288461538461536 0.08413461538461539
0 0.84375 0.5348557692307693 0.05048076923076923 0.07692307692307693
0 0.8834134615384616 0.5372596153846154 0.06009615384615385 0.08653846153846154
0 0.10576923076923077 0.5384615384615384 0.06490384615384616 0.09375
0 0.13581730769230768 0.546875 0.0625 0.0889423076923077
0 0.171875 0.5552884615384616 0.0625 0.09134615384615384
0 0.20552884615384615 0.5600961538461539 0.06009615384615385 0.0889423076923077
0 0.23798076923076922 0.5733173076923077 0.06009615384615385 0.08653846153846154
0 0.28966346153846156 0.5805288461538461 0.055288461538461536 0.07932692307692307
0 0.32572115384615385 0.5853365384615384 0.057692307692307696 0.0889423076923077
0 0.36177884615384615 0.5973557692307693 0.0673076923076923 0.0985576923076923
0 0.3942307692307692 0.6045673076923077 0.06009615384615385 0.0889423076923077
0 0.42908653846153844 0.6153846153846154 0.06009615384615385 0.09134615384615384
0 0.46153846153846156 0.6213942307692307 0.052884615384615384 0.0889423076923077
0 0.49759615384615385 0.6310096153846154 0.057692307692307696 0.09615384615384616
0 0.5336538461538461 0.6346153846153846 0.055288461538461536 0.0889423076923077
0 0.5709134615384616 0.6442307692307693 0.055288461538461536 0.09615384615384616
0 0.6081730769230769 0.6490384615384616 0.055288461538461536 0.09134615384615384
0 0.6454326923076923 0.6634615384615384 0.055288461538461536 0.09134615384615384
0 0.6826923076923077 0.6742788461538461 0.06009615384615385 0.09375
0 0.7223557692307693 0.6802884615384616 0.06009615384615385 0.09375
0 0.7596153846153846 0.6862980769230769 0.06009615384615385 0.0985576923076923
0 0.7980769230769231 0.6983173076923077 0.06490384615384616 0.10336538461538461
0 0.8353365384615384 0.7019230769230769 0.0625 0.0985576923076923
0 0.875 0.7079326923076923 0.0673076923076923 0.10096153846153846
0 0.025240384615384616 0.6430288461538461 0.05048076923076923 0.0889423076923077
0 0.054086538461538464 0.65625 0.07451923076923077 0.0985576923076923
0 0.09615384615384616 0.6670673076923077 0.07451923076923077 0.10096153846153846
1 0.13581730769230768 0.6754807692307693 0.07932692307692307 0.10336538461538461
0 0.18028846153846154 0.6826923076923077 0.07451923076923077 0.10817307692307693
0 0.21875 0.6911057692307693 0.07211538461538461 0.10096153846153846
0 0.26322115384615385 0.6995192307692307 0.06971153846153846 0.09134615384615384
0 0.3076923076923077 0.7139423076923077 0.06971153846153846 0.09134615384615384
0 0.3485576923076923 0.7283653846153846 0.06971153846153846 0.09615384615384616
0 0.3942307692307692 0.7331730769230769 0.0673076923076923 0.09375
0 0.4338942307692308 0.7451923076923077 0.06009615384615385 0.09615384615384616
0 0.47475961538461536 0.7572115384615384 0.06490384615384616 0.0985576923076923