0 0.265625 0.23798076923076922 0.04326923076923077 0.06971153846153846
0 0.2920673076923077 0.24278846153846154 0.04326923076923077 0.07211538461538461
0 0.31971153846153844 0.24519230769230768 0.040865384615384616 0.07211538461538461
0 0.3449519230769231 0.24639423076923078 0.04326923076923077 0.07211538461538461
0 0.37259615384615385 0.2512019230769231 0.040865384615384616 0.06971153846153846
1 0.41466346153846156 0.2512019230769231 0.040865384615384616 0.06971153846153846
0 0.44350961538461536 0.2536057692307692 0.03365384615384615 0.06490384615384616
0 0.46875 0.25841346153846156 0.03365384615384615 0.06971153846153846
0 0.4963942307692308 0.25841346153846156 0.03365384615384615 0.06971153846153846
1 0.5228365384615384 0.2620192307692308 0.036057692307692304 0.06490384615384616
0 0.5492788461538461 0.2620192307692308 0.03125 0.057692307692307696
1 0.5769230769230769 0.2644230769230769 0.03365384615384615 0.0625
0 0.6081730769230769 0.2620192307692308 0.03125 0.057692307692307696
0 0.6358173076923077 0.265625 0.036057692307692304 0.06490384615384616
0 0.6658653846153846 0.26802884615384615 0.03125 0.06490384615384616
0 0.6935096153846154 0.26802884615384615 0.03365384615384615 0.057692307692307696
1 0.7235576923076923 0.27163461538461536 0.03365384615384615 0.057692307692307696
1 0.7536057692307693 0.27163461538461536 0.03365384615384615 0.055288461538461536
1 0.7860576923076923 0.2764423076923077 0.038461538461538464 0.0625
0 0.8161057692307693 0.27524038461538464 0.036057692307692304 0.0673076923076923
0 0.84375 0.2776442307692308 0.036057692307692304 0.06009615384615385
1 0.875 0.2776442307692308 0.04326923076923077 0.06971153846153846
0 0.21634615384615385 0.35336538461538464 0.05048076923076923 0.0673076923076923
0 0.2439903846153846 0.3545673076923077 0.04807692307692308 0.06971153846153846
1 0.27163461538461536 0.3581730769230769 0.04567307692307692 0.06971153846153846
0 0.30408653846153844 0.3605769230769231 0.04807692307692308 0.06490384615384616
1 0.33653846153846156 0.36658653846153844 0.04326923076923077 0.0673076923076923
1 0.3762019230769231 0.36899038461538464 0.04326923076923077 0.0625
1 0.4026442307692308 0.3701923076923077 0.04326923076923077 0.0673076923076923
1 0.4387019230769231 0.36658653846153844 0.040865384615384616 0.06490384615384616
0 0.46634615384615385 0.3713942307692308 0.040865384615384616 0.0625
0 0.4963942307692308 0.37259615384615385 0.04326923076923077 0.06971153846153846
0 0.5288461538461539 0.375 0.038461538461538464 0.0673076923076923
0 0.5564903846153846 0.3786057692307692 0.038461538461538464 0.06490384615384616
0 0.5889423076923077 0.3798076923076923 0.038461538461538464 0.07451923076923077
1 0.6201923076923077 0.38341346153846156 0.036057692307692304 0.06490384615384616
0 0.6514423076923077 0.38341346153846156 0.040865384615384616 0.06971153846153846
0 0.6875 0.38100961538461536 0.038461538461538464 0.07932692307692307
0 0.7211538461538461 0.390625 0.038461538461538464 0.07932692307692307
0 0.7524038461538461 0.38822115384615385 0.04326923076923077 0.07932692307692307
0 0.7860576923076923 0.39302884615384615 0.040865384615384616 0.07692307692307693
0 0.8197115384615384 0.39663461538461536 0.04567307692307692 0.08173076923076923
0 0.8533653846153846 0.39783653846153844 0.040865384615384616 0.07692307692307693
0 0.8882211538461539 0.4026442307692308 0.04326923076923077 0.07211538461538461
0 0.18870192307692307 0.41466346153846156 0.04567307692307692 0.08653846153846154
1 0.21875 0.41947115384615385 0.052884615384615384 0.0889423076923077
1 0.24759615384615385 0.4170673076923077 0.05048076923076923 0.09134615384615384
1 0.27524038461538464 0.42908653846153844 0.04807692307692308 0.08653846153846154
1 0.3088942307692308 0.42908653846153844 0.04567307692307692 0.08653846153846154
1 0.3545673076923077 0.4362980769230769 0.040865384615384616 0.09134615384615384
1 0.3870192307692308 0.4375 0.052884615384615384 0.09134615384615384
1 0.41586538461538464 0.4423076923076923 0.04567307692307692 0.08413461538461539
1 0.45072115384615385 0.43990384615384615 0.04807692307692308 0.09134615384615384
1 0.48197115384615385 0.4483173076923077 0.038461538461538464 0.08173076923076923
1 0.5168269230769231 0.45072115384615385 0.040865384615384616 0.08173076923076923
1 0.546875 0.453125 0.040865384615384616 0.07692307692307693
1 0.5817307692307693 0.4543269230769231 0.03365384615384615 0.07692307692307693
0 0.6117788461538461 0.4579326923076923 0.040865384615384616 0.07692307692307693
1 0.6454326923076923 0.45913461538461536 0.036057692307692304 0.07692307692307693
1 0.6802884615384616 0.46033653846153844 0.038461538461538464 0.07932692307692307
1 0.7151442307692307 0.4675480769230769 0.038461538461538464 0.07692307692307693
0 0.7475961538461539 0.4675480769230769 0.04326923076923077 0.07211538461538461
1 0.7836538461538461 0.47115384615384615 0.040865384615384616 0.07932692307692307
1 0.8185096153846154 0.47115384615384615 0.04807692307692308 0.07932692307692307
1 0.8533653846153846 0.47836538461538464 0.04326923076923077 0.07451923076923077
1 0.8918269230769231 0.4735576923076923 0.05048076923076923 0.08173076923076923
1 0.11778846153846154 0.5697115384615384 0.055288461538461536 0.09134615384615384
1 0.14783653846153846 0.5769230769230769 0.055288461538461536 0.08653846153846154
1 0.18509615384615385 0.5793269230769231 0.052884615384615384 0.08653846153846154
1 0.21875 0.5805288461538461 0.05048076923076923 0.08413461538461539
1 0.2536057692307692 0.5889423076923077 0.05048076923076923 0.08173076923076923
1 0.30649038461538464 0.5901442307692307 0.04807692307692308 0.07692307692307693
1 0.3425480769230769 0.5913461538461539 0.04807692307692308 0.08413461538461539
1 0.3798076923076923 0.5985576923076923 0.057692307692307696 0.09375
1 0.41346153846153844 0.6009615384615384 0.05048076923076923 0.08653846153846154
1 0.4483173076923077 0.6081730769230769 0.05048076923076923 0.08653846153846154
1 0.48197115384615385 0.609375 0.04326923076923077 0.08653846153846154
1 0.5192307692307693 0.6153846153846154 0.04567307692307692 0.09375
1 0.5564903846153846 0.6141826923076923 0.04567307692307692 0.08413461538461539
1 0.5949519230769231 0.6189903846153846 0.04567307692307692 0.09375
1 0.6322115384615384 0.6201923076923077 0.04567307692307692 0.0889423076923077
1 0.6706730769230769 0.6298076923076923 0.04567307692307692 0.0889423076923077
1 0.7103365384615384 0.6358173076923077 0.05048076923076923 0.09134615384615384
0 0.7487980769230769 0.6358173076923077 0.052884615384615384 0.0889423076923077
1 0.7884615384615384 0.6394230769230769 0.05048076923076923 0.09615384615384616
1 0.8257211538461539 0.6454326923076923 0.055288461538461536 0.10096153846153846
0 0.8653846153846154 0.6442307692307693 0.05048076923076923 0.09615384615384616
1 0.9050480769230769 0.6466346153846154 0.057692307692307696 0.09615384615384616
1 0.042067307692307696 0.6875 0.0625 0.08173076923076923
0 0.07932692307692307 0.6947115384615384 0.06490384615384616 0.09375
1 0.12259615384615384 0.7007211538461539 0.06490384615384616 0.09375
1 0.16346153846153846 0.7043269230769231 0.06971153846153846 0.0985576923076923
0 0.20793269230769232 0.7055288461538461 0.06490384615384616 0.10096153846153846
0 0.24759615384615385 0.7091346153846154 0.0625 0.09615384615384616
0 0.2932692307692308 0.7127403846153846 0.0625 0.08653846153846154
0 0.3389423076923077 0.7211538461538461 0.0625 0.08653846153846154
0 0.38221153846153844 0.7307692307692307 0.0625 0.09134615384615384
1 0.42788461538461536 0.7307692307692307 0.06009615384615385 0.09134615384615384
1 0.47115384615384615 0.7379807692307693 0.05048076923076923 0.09375
1 0.5120192307692307 0.7451923076923077 0.055288461538461536 0.09615384615384616