0 0.2980769230769231 0.22716346153846154 0.05048076923076923 0.07211538461538461
0 0.32211538461538464 0.23557692307692307 0.052884615384615384 0.07692307692307693
0 0.3485576923076923 0.24158653846153846 0.05048076923076923 0.07692307692307693
0 0.375 0.24639423076923078 0.052884615384615384 0.07692307692307693
1 0.40024038461538464 0.2548076923076923 0.04807692307692308 0.07211538461538461
1 0.4423076923076923 0.2608173076923077 0.04807692307692308 0.07211538461538461
1 0.4699519230769231 0.2668269230769231 0.04326923076923077 0.0673076923076923
0 0.4951923076923077 0.27524038461538464 0.040865384615384616 0.06971153846153846
0 0.5216346153846154 0.27884615384615385 0.040865384615384616 0.06971153846153846
1 0.5480769230769231 0.2860576923076923 0.04326923076923077 0.06971153846153846
0 0.5733173076923077 0.28966346153846156 0.038461538461538464 0.06009615384615385
1 0.5997596153846154 0.2956730769230769 0.040865384615384616 0.0625
0 0.6310096153846154 0.2980769230769231 0.038461538461538464 0.06009615384615385
0 0.6586538461538461 0.30528846153846156 0.04326923076923077 0.0673076923076923
1 0.6875 0.3112980769230769 0.040865384615384616 0.0673076923076923
0 0.7151442307692307 0.3161057692307692 0.040865384615384616 0.0625
1 0.7439903846153846 0.3233173076923077 0.040865384615384616 0.0625
1 0.7740384615384616 0.328125 0.040865384615384616 0.06009615384615385
1 0.8040865384615384 0.33653846153846156 0.04326923076923077 0.0625
0 0.8353365384615384 0.3401442307692308 0.04326923076923077 0.06971153846153846
0 0.8605769230769231 0.34615384615384615 0.04326923076923077 0.0625
1 0.8918269230769231 0.34975961538461536 0.05048076923076923 0.07211538461538461
1 0.23197115384615385 0.3329326923076923 0.057692307692307696 0.06971153846153846
0 0.25841346153846156 0.33774038461538464 0.057692307692307696 0.07211538461538461
1 0.2848557692307692 0.34615384615384615 0.052884615384615384 0.07451923076923077
0 0.3173076923076923 0.3545673076923077 0.055288461538461536 0.06971153846153846
1 0.3485576923076923 0.3629807692307692 0.052884615384615384 0.06971153846153846
1 0.38822115384615385 0.3701923076923077 0.05048076923076923 0.06490384615384616
0 0.41346153846153844 0.3762019230769231 0.05048076923076923 0.06971153846153846
1 0.45072115384615385 0.3786057692307692 0.04807692307692308 0.0673076923076923
1 0.47716346153846156 0.3870192307692308 0.04807692307692308 0.06490384615384616
0 0.5060096153846154 0.3918269230769231 0.05048076923076923 0.07211538461538461
0 0.5372596153846154 0.39903846153846156 0.04807692307692308 0.06971153846153846
0 0.5637019230769231 0.4050480769230769 0.04567307692307692 0.0673076923076923
0 0.5961538461538461 0.4110576923076923 0.04567307692307692 0.07692307692307693
1 0.6274038461538461 0.41947115384615385 0.04567307692307692 0.0673076923076923
0 0.6574519230769231 0.4230769230769231 0.05048076923076923 0.07211538461538461
0 0.6935096153846154 0.42788461538461536 0.04807692307692308 0.08173076923076923
1 0.7235576923076923 0.43990384615384615 0.04807692307692308 0.08173076923076923
0 0.7560096153846154 0.4423076923076923 0.052884615384615384 0.08413461538461539
0 0.7872596153846154 0.4519230769230769 0.04807692307692308 0.07692307692307693
0 0.8197115384615384 0.45913461538461536 0.055288461538461536 0.08413461538461539
0 0.8545673076923077 0.4675480769230769 0.05048076923076923 0.07932692307692307
0 0.8882211538461539 0.47475961538461536 0.052884615384615384 0.07692307692307693
1 0.1971153846153846 0.390625 0.055288461538461536 0.0889423076923077
1 0.22596153846153846 0.40024038461538464 0.06490384615384616 0.09134615384615384
1 0.2536057692307692 0.4014423076923077 0.06009615384615385 0.09375
1 0.28125 0.41586538461538464 0.06009615384615385 0.09134615384615384
1 0.3125 0.4206730769230769 0.055288461538461536 0.09134615384615384
1 0.35697115384615385 0.43509615384615385 0.05048076923076923 0.09375
1 0.390625 0.43990384615384615 0.0625 0.09375
1 0.4170673076923077 0.44711538461538464 0.057692307692307696 0.0889423076923077
1 0.4519230769230769 0.4519230769230769 0.057692307692307696 0.09375
1 0.4807692307692308 0.46274038461538464 0.04807692307692308 0.08413461538461539
1 0.5144230769230769 0.4699519230769231 0.05048076923076923 0.08413461538461539
1 0.5432692307692307 0.47836538461538464 0.05048076923076923 0.07932692307692307
1 0.578125 0.4831730769230769 0.04326923076923077 0.07692307692307693
1 0.609375 0.49158653846153844 0.05048076923076923 0.07932692307692307
1 0.640625 0.49759615384615385 0.04567307692307692 0.08173076923076923
1 0.6754807692307693 0.5036057692307693 0.04807692307692308 0.08173076923076923
1 0.7091346153846154 0.5144230769230769 0.04807692307692308 0.07932692307692307
1 0.7403846153846154 0.5204326923076923 0.052884615384615384 0.07692307692307693
1 0.7752403846153846 0.5288461538461539 0.05048076923076923 0.08173076923076923
1 0.8088942307692307 0.5336538461538461 0.057692307692307696 0.08413461538461539
1 0.8425480769230769 0.5444711538461539 0.052884615384615384 0.07692307692307693
1 0.8810096153846154 0.5456730769230769 0.06009615384615385 0.08653846153846154
1 0.1045673076923077 0.5336538461538461 0.06490384615384616 0.09375
1 0.1346153846153846 0.5444711538461539 0.06490384615384616 0.09134615384615384
1 0.17067307692307693 0.5528846153846154 0.06490384615384616 0.09134615384615384
1 0.20432692307692307 0.5576923076923077 0.06009615384615385 0.0889423076923077
1 0.23557692307692307 0.5709134615384616 0.06009615384615385 0.08653846153846154
1 0.28846153846153844 0.5793269230769231 0.055288461538461536 0.08173076923076923
1 0.3233173076923077 0.5853365384615384 0.06009615384615385 0.0889423076923077
1 0.359375 0.5985576923076923 0.06971153846153846 0.0985576923076923
1 0.3918269230769231 0.6057692307692307 0.06009615384615385 0.09134615384615384
1 0.4254807692307692 0.6177884615384616 0.06009615384615385 0.09134615384615384
1 0.45913461538461536 0.6225961538461539 0.055288461538461536 0.09134615384615384
1 0.4951923076923077 0.6334134615384616 0.057692307692307696 0.0985576923076923
1 0.53125 0.6382211538461539 0.057692307692307696 0.0889423076923077
1 0.5685096153846154 0.6478365384615384 0.057692307692307696 0.09615384615384616
1 0.6045673076923077 0.6550480769230769 0.055288461538461536 0.09134615384615384
1 0.6418269230769231 0.6682692307692307 0.057692307692307696 0.09134615384615384
1 0.6790865384615384 0.6790865384615384 0.0625 0.09375
0 0.71875 0.6862980769230769 0.0625 0.09375
0 0.7560096153846154 0.6947115384615384 0.0625 0.0985576923076923
1 0.7944711538461539 0.7055288461538461 0.0673076923076923 0.10336538461538461
1 0.8317307692307693 0.7103365384615384 0.0625 0.10096153846153846
1 0.8701923076923077 0.7175480769230769 0.06971153846153846 0.10096153846153846
1 0.025240384615384616 0.6382211538461539 0.05048076923076923 0.0889423076923077
0 0.05048076923076923 0.6514423076923077 0.07692307692307693 0.0985576923076923
1 0.09254807692307693 0.6634615384615384 0.07692307692307693 0.10096153846153846
1 0.13221153846153846 0.6730769230769231 0.08173076923076923 0.10336538461538461
0 0.17548076923076922 0.6802884615384616 0.07692307692307693 0.10817307692307693
0 0.21394230769230768 0.6899038461538461 0.07451923076923077 0.10096153846153846
1 0.25961538461538464 0.6983173076923077 0.07211538461538461 0.09375
0 0.30288461538461536 0.7127403846153846 0.07211538461538461 0.09375
0 0.34375 0.7295673076923077 0.07211538461538461 0.09615384615384616
1 0.3894230769230769 0.7331730769230769 0.06971153846153846 0.09375
0 0.42908653846153844 0.7463942307692307 0.0625 0.0985576923076923
1 0.4699519230769231 0.7596153846153846 0.0673076923076923 0.10096153846153846