0 0.2439903846153846 0.19471153846153846 0.04567307692307692 0.07211538461538461
0 0.27163461538461536 0.19951923076923078 0.04567307692307692 0.07692307692307693
0 0.3004807692307692 0.203125 0.04326923076923077 0.07692307692307693
0 0.328125 0.20432692307692307 0.04567307692307692 0.07692307692307693
1 0.35697115384615385 0.2091346153846154 0.04326923076923077 0.07211538461538461
1 0.4014423076923077 0.20793269230769232 0.04326923076923077 0.07451923076923077
1 0.4326923076923077 0.21153846153846154 0.036057692307692304 0.06971153846153846
0 0.46033653846153844 0.21634615384615385 0.036057692307692304 0.07451923076923077
0 0.4891826923076923 0.21514423076923078 0.036057692307692304 0.07451923076923077
1 0.5180288461538461 0.21995192307692307 0.036057692307692304 0.07211538461538461
0 0.5456730769230769 0.21995192307692307 0.03365384615384615 0.0625
1 0.5757211538461539 0.22355769230769232 0.036057692307692304 0.06490384615384616
0 0.6081730769230769 0.21995192307692307 0.03365384615384615 0.06009615384615385
0 0.6382211538461539 0.22355769230769232 0.038461538461538464 0.06971153846153846
1 0.6706730769230769 0.22716346153846154 0.03365384615384615 0.06971153846153846
0 0.7007211538461539 0.2283653846153846 0.036057692307692304 0.0625
1 0.7319711538461539 0.23076923076923078 0.036057692307692304 0.0625
1 0.7644230769230769 0.22956730769230768 0.036057692307692304 0.06009615384615385
1 0.7980769230769231 0.23557692307692307 0.038461538461538464 0.06490384615384616
0 0.8305288461538461 0.234375 0.036057692307692304 0.07211538461538461
0 0.859375 0.23677884615384615 0.040865384615384616 0.06490384615384616
1 0.8930288461538461 0.23677884615384615 0.04567307692307692 0.07211538461538461
0 0.19110576923076922 0.3173076923076923 0.052884615384615384 0.07211538461538461
0 0.21995192307692307 0.31850961538461536 0.052884615384615384 0.07451923076923077
1 0.24879807692307693 0.3233173076923077 0.05048076923076923 0.07451923076923077
0 0.2848557692307692 0.3269230769230769 0.05048076923076923 0.06971153846153846
1 0.31971153846153844 0.33052884615384615 0.04567307692307692 0.07211538461538461
1 0.36177884615384615 0.3329326923076923 0.04567307692307692 0.0673076923076923
0 0.3894230769230769 0.33533653846153844 0.04567307692307692 0.07211538461538461
1 0.42788461538461536 0.3329326923076923 0.04326923076923077 0.0673076923076923
0 0.4579326923076923 0.33653846153846156 0.04326923076923077 0.0673076923076923
0 0.49038461538461536 0.3389423076923077 0.04567307692307692 0.07211538461538461
0 0.5240384615384616 0.34134615384615385 0.040865384615384616 0.07211538461538461
0 0.5528846153846154 0.34375 0.040865384615384616 0.06971153846153846
0 0.5877403846153846 0.34615384615384615 0.040865384615384616 0.07932692307692307
1 0.6213942307692307 0.34975961538461536 0.038461538461538464 0.06971153846153846
0 0.6550480769230769 0.34975961538461536 0.04567307692307692 0.07451923076923077
0 0.6935096153846154 0.3485576923076923 0.040865384615384616 0.08413461538461539
1 0.7283653846153846 0.35697115384615385 0.040865384615384616 0.08653846153846154
0 0.7620192307692307 0.3557692307692308 0.04567307692307692 0.08653846153846154
0 0.7980769230769231 0.3605769230769231 0.04326923076923077 0.08173076923076923
0 0.8341346153846154 0.3641826923076923 0.04807692307692308 0.08653846153846154
0 0.8713942307692307 0.36538461538461536 0.04326923076923077 0.08173076923076923
0 0.9074519230769231 0.3701923076923077 0.04807692307692308 0.07692307692307693
1 0.16105769230769232 0.38341346153846156 0.04807692307692308 0.09134615384615384
1 0.1935096153846154 0.38822115384615385 0.057692307692307696 0.09375
1 0.22355769230769232 0.3870192307692308 0.052884615384615384 0.09615384615384616
1 0.2548076923076923 0.39783653846153844 0.052884615384615384 0.09375
1 0.28966346153846156 0.39783653846153844 0.04807692307692308 0.09375
1 0.33774038461538464 0.4074519230769231 0.040865384615384616 0.0985576923076923
1 0.3737980769230769 0.40865384615384615 0.055288461538461536 0.0985576923076923
1 0.40384615384615385 0.41225961538461536 0.05048076923076923 0.09134615384615384
1 0.4411057692307692 0.4098557692307692 0.05048076923076923 0.09615384615384616
1 0.4735576923076923 0.4182692307692308 0.040865384615384616 0.08653846153846154
0 0.5108173076923077 0.421875 0.04326923076923077 0.08653846153846154
1 0.5432692307692307 0.4254807692307692 0.04326923076923077 0.08173076923076923
1 0.5805288461538461 0.4254807692307692 0.036057692307692304 0.08173076923076923
1 0.6141826923076923 0.42908653846153844 0.04326923076923077 0.08173076923076923
1 0.6478365384615384 0.4326923076923077 0.038461538461538464 0.08413461538461539
1 0.6862980769230769 0.43149038461538464 0.040865384615384616 0.08413461538461539
1 0.7223557692307693 0.4387019230769231 0.040865384615384616 0.08173076923076923
0 0.7572115384615384 0.4387019230769231 0.04567307692307692 0.07692307692307693
1 0.7956730769230769 0.44350961538461536 0.04326923076923077 0.08653846153846154
1 0.8329326923076923 0.44350961538461536 0.05048076923076923 0.08653846153846154
1 0.8701923076923077 0.45072115384615385 0.04567307692307692 0.07932692307692307
1 0.9110576923076923 0.44711538461538464 0.052884615384615384 0.0889423076923077
1 0.08533653846153846 0.5492788461538461 0.057692307692307696 0.0985576923076923
1 0.11899038461538461 0.5564903846153846 0.057692307692307696 0.09134615384615384
1 0.15865384615384615 0.5600961538461539 0.057692307692307696 0.09375
1 0.19471153846153846 0.5612980769230769 0.055288461538461536 0.09134615384615384
1 0.22956730769230768 0.5709134615384616 0.052884615384615384 0.0889423076923077
1 0.2860576923076923 0.5721153846153846 0.05048076923076923 0.08173076923076923
1 0.3245192307692308 0.5733173076923077 0.052884615384615384 0.09134615384615384
1 0.36538461538461536 0.5793269230769231 0.0625 0.0985576923076923
1 0.4014423076923077 0.5829326923076923 0.055288461538461536 0.09375
1 0.4375 0.5901442307692307 0.055288461538461536 0.09375
1 0.4735576923076923 0.5913461538461539 0.04807692307692308 0.09375
1 0.5144230769230769 0.5973557692307693 0.05048076923076923 0.10096153846153846
1 0.5528846153846154 0.5961538461538461 0.05048076923076923 0.09134615384615384
1 0.5949519230769231 0.6021634615384616 0.04807692307692308 0.0985576923076923
1 0.6346153846153846 0.6033653846153846 0.04807692307692308 0.09375
1 0.6754807692307693 0.6129807692307693 0.04807692307692308 0.09375
1 0.7175480769230769 0.6189903846153846 0.055288461538461536 0.0985576923076923
0 0.7584134615384616 0.6201923076923077 0.055288461538461536 0.09615384615384616
1 0.8004807692307693 0.6225961538461539 0.055288461538461536 0.10336538461538461
1 0.8425480769230769 0.6298076923076923 0.057692307692307696 0.10817307692307693
0 0.8822115384615384 0.6286057692307693 0.055288461538461536 0.10336538461538461
1 0.9242788461538461 0.6298076923076923 0.0625 0.10336538461538461
1 0.018028846153846152 0.6742788461538461 0.036057692307692304 0.0889423076923077
0 0.04447115384615385 0.6838942307692307 0.06971153846153846 0.10096153846153846
1 0.09134615384615384 0.6899038461538461 0.06971153846153846 0.10096153846153846
1 0.1346153846153846 0.6935096153846154 0.07451923076923077 0.10576923076923077
0 0.18269230769230768 0.6959134615384616 0.06971153846153846 0.11057692307692307
0 0.2247596153846154 0.6995192307692307 0.0673076923076923 0.10336538461538461
1 0.27403846153846156 0.7007211538461539 0.0673076923076923 0.09375
0 0.32211538461538464 0.7103365384615384 0.0673076923076923 0.09375
0 0.36778846153846156 0.7211538461538461 0.06490384615384616 0.0985576923076923
1 0.4170673076923077 0.7211538461538461 0.0625 0.09615384615384616
1 0.46153846153846156 0.7283653846153846 0.055288461538461536 0.10096153846153846
1 0.5060096153846154 0.7355769230769231 0.06009615384615385 0.10336538461538461