0 0.7211538461538461 0.23798076923076922 0.04807692307692308 0.06971153846153846
0 0.6971153846153846 0.2439903846153846 0.04807692307692308 0.07451923076923077
0 0.6694711538461539 0.24879807692307693 0.04567307692307692 0.07451923076923077
0 0.6454326923076923 0.25240384615384615 0.04807692307692308 0.07451923076923077
0 0.6201923076923077 0.25961538461538464 0.04567307692307692 0.06971153846153846
0 0.5793269230769231 0.26322115384615385 0.04326923076923077 0.06971153846153846
0 0.5504807692307693 0.26802884615384615 0.038461538461538464 0.06490384615384616
0 0.5252403846153846 0.27524038461538464 0.038461538461538464 0.0673076923076923
0 0.5012019230769231 0.2764423076923077 0.038461538461538464 0.06971153846153846
1 0.4735576923076923 0.2824519230769231 0.038461538461538464 0.0673076923076923
0 0.4483173076923077 0.2848557692307692 0.03365384615384615 0.057692307692307696
1 0.421875 0.28966346153846156 0.036057692307692304 0.0625
0 0.3918269230769231 0.28966346153846156 0.03365384615384615 0.057692307692307696
0 0.36538461538461536 0.2956730769230769 0.040865384615384616 0.06490384615384616
0 0.33533653846153844 0.3004807692307692 0.036057692307692304 0.06490384615384616
0 0.3088942307692308 0.30408653846153844 0.036057692307692304 0.06009615384615385
1 0.2800480769230769 0.3088942307692308 0.036057692307692304 0.06009615384615385
1 0.2512019230769231 0.3112980769230769 0.036057692307692304 0.057692307692307696
1 0.21995192307692307 0.31850961538461536 0.040865384615384616 0.06009615384615385
0 0.18990384615384615 0.32091346153846156 0.038461538461538464 0.0673076923076923
0 0.16466346153846154 0.3245192307692308 0.040865384615384616 0.06009615384615385
1 0.13341346153846154 0.328125 0.04807692307692308 0.06971153846153846
0 0.7788461538461539 0.3449519230769231 0.052884615384615384 0.0673076923076923
0 0.7524038461538461 0.3485576923076923 0.052884615384615384 0.06971153846153846
1 0.7271634615384616 0.3545673076923077 0.05048076923076923 0.06971153846153846
0 0.6935096153846154 0.3605769230769231 0.05048076923076923 0.0673076923076923
0 0.6634615384615384 0.36778846153846156 0.04807692307692308 0.0673076923076923
1 0.625 0.37259615384615385 0.04567307692307692 0.0625
1 0.6009615384615384 0.37740384615384615 0.04567307692307692 0.0673076923076923
0 0.5649038461538461 0.37740384615384615 0.04567307692307692 0.06490384615384616
0 0.5384615384615384 0.38461538461538464 0.04326923076923077 0.0625
0 0.5096153846153846 0.38822115384615385 0.04567307692307692 0.06971153846153846
0 0.47836538461538464 0.39302884615384615 0.04326923076923077 0.0673076923076923
0 0.4519230769230769 0.39903846153846156 0.04326923076923077 0.06490384615384616
0 0.4206730769230769 0.4014423076923077 0.040865384615384616 0.07451923076923077
1 0.390625 0.4098557692307692 0.040865384615384616 0.06490384615384616
0 0.359375 0.4110576923076923 0.04567307692307692 0.06971153846153846
0 0.3245192307692308 0.41225961538461536 0.04326923076923077 0.07692307692307693
0 0.2932692307692308 0.4230769230769231 0.04567307692307692 0.07932692307692307
0 0.2620192307692308 0.42427884615384615 0.05048076923076923 0.08173076923076923
0 0.23076923076923078 0.43149038461538464 0.04326923076923077 0.07451923076923077
0 0.19831730769230768 0.4375 0.05048076923076923 0.08173076923076923
0 0.1658653846153846 0.44350961538461536 0.04567307692307692 0.07692307692307693
0 0.13221153846153846 0.4483173076923077 0.04807692307692308 0.07451923076923077
0 0.8112980769230769 0.4026442307692308 0.05048076923076923 0.08653846153846154
0 0.7824519230769231 0.4098557692307692 0.06009615384615385 0.0889423076923077
1 0.7536057692307693 0.4098557692307692 0.055288461538461536 0.09134615384615384
1 0.7283653846153846 0.4230769230769231 0.055288461538461536 0.08653846153846154
1 0.6971153846153846 0.4266826923076923 0.05048076923076923 0.0889423076923077
1 0.6526442307692307 0.4375 0.04567307692307692 0.09134615384615384
0 0.6201923076923077 0.4411057692307692 0.057692307692307696 0.09134615384615384
1 0.59375 0.44711538461538464 0.05048076923076923 0.08413461538461539
1 0.5588942307692307 0.4495192307692308 0.052884615384615384 0.09134615384615384
1 0.5300480769230769 0.4579326923076923 0.04326923076923077 0.08173076923076923
1 0.49759615384615385 0.4639423076923077 0.04567307692307692 0.08173076923076923
1 0.4675480769230769 0.4699519230769231 0.04567307692307692 0.07692307692307693
1 0.4338942307692308 0.4735576923076923 0.040865384615384616 0.07692307692307693
0 0.40384615384615385 0.4807692307692308 0.04567307692307692 0.07692307692307693
1 0.3713942307692308 0.484375 0.04326923076923077 0.07692307692307693
1 0.33774038461538464 0.4879807692307692 0.04567307692307692 0.07692307692307693
1 0.30528846153846156 0.49759615384615385 0.04567307692307692 0.07692307692307693
0 0.27283653846153844 0.5012019230769231 0.04807692307692308 0.07451923076923077
1 0.23918269230769232 0.5084134615384616 0.04567307692307692 0.07932692307692307
0 0.20552884615384615 0.5108173076923077 0.052884615384615384 0.08173076923076923
1 0.17307692307692307 0.5204326923076923 0.04807692307692308 0.07451923076923077
0 0.1346153846153846 0.5192307692307693 0.055288461538461536 0.08413461538461539
0 0.8930288461538461 0.5480769230769231 0.06009615384615385 0.09134615384615384
1 0.8641826923076923 0.5552884615384616 0.057692307692307696 0.08653846153846154
0 0.828125 0.5625 0.06009615384615385 0.08653846153846154
1 0.7956730769230769 0.5661057692307693 0.055288461538461536 0.08653846153846154
1 0.7644230769230769 0.578125 0.055288461538461536 0.08413461538461539
1 0.7127403846153846 0.5829326923076923 0.05048076923076923 0.07692307692307693
1 0.6778846153846154 0.5865384615384616 0.055288461538461536 0.08653846153846154
0 0.6418269230769231 0.5973557692307693 0.0625 0.09375
1 0.609375 0.6021634615384616 0.055288461538461536 0.08653846153846154
1 0.5757211538461539 0.6117788461538461 0.055288461538461536 0.0889423076923077
1 0.5432692307692307 0.6165865384615384 0.05048076923076923 0.0889423076923077
1 0.5072115384615384 0.625 0.052884615384615384 0.09375
1 0.4723557692307692 0.6274038461538461 0.05048076923076923 0.08413461538461539
0 0.43509615384615385 0.6358173076923077 0.052884615384615384 0.09375
1 0.39903846153846156 0.6394230769230769 0.05048076923076923 0.0889423076923077
1 0.36177884615384615 0.6526442307692307 0.05048076923076923 0.0889423076923077
1 0.3245192307692308 0.6598557692307693 0.055288461538461536 0.09134615384615384
0 0.28725961538461536 0.6658653846153846 0.057692307692307696 0.09134615384615384
0 0.25 0.6706730769230769 0.057692307692307696 0.09615384615384616
1 0.21153846153846154 0.6802884615384616 0.06009615384615385 0.10096153846153846
0 0.17548076923076922 0.6826923076923077 0.057692307692307696 0.09615384615384616
0 0.13701923076923078 0.6875 0.06490384615384616 0.09615384615384616
1 0.9711538461538461 0.6550480769230769 0.057692307692307696 0.08413461538461539
0 0.9399038461538461 0.6646634615384616 0.06971153846153846 0.09615384615384616
1 0.8990384615384616 0.6754807692307693 0.06971153846153846 0.09615384615384616
1 0.8605769230769231 0.6814903846153846 0.07451923076923077 0.10096153846153846
0 0.8173076923076923 0.6875 0.07211538461538461 0.10336538461538461
0 0.7788461538461539 0.6935096153846154 0.06971153846153846 0.09615384615384616
0 0.7355769230769231 0.7007211538461539 0.06490384615384616 0.0889423076923077
0 0.6911057692307693 0.7127403846153846 0.06490384615384616 0.0889423076923077
0 0.6514423076923077 0.7259615384615384 0.0673076923076923 0.09375
1 0.6057692307692307 0.7295673076923077 0.06490384615384616 0.09134615384615384
1 0.5649038461538461 0.7403846153846154 0.057692307692307696 0.09375
1 0.5264423076923077 0.75 0.0625 0.09615384615384616