0 0.8233173076923077 0.33653846153846156 0.05048076923076923 0.07211538461538461
0 0.7992788461538461 0.3329326923076923 0.05048076923076923 0.07451923076923077
0 0.7716346153846154 0.3269230769230769 0.05048076923076923 0.07451923076923077
0 0.7475961538461539 0.31971153846153844 0.052884615384615384 0.07451923076923077
0 0.7211538461538461 0.3161057692307692 0.04807692307692308 0.07211538461538461
0 0.6826923076923077 0.30408653846153844 0.04807692307692308 0.07211538461538461
0 0.6538461538461539 0.2980769230769231 0.040865384615384616 0.06490384615384616
0 0.6274038461538461 0.29447115384615385 0.040865384615384616 0.06971153846153846
0 0.6033653846153846 0.2860576923076923 0.040865384615384616 0.06971153846153846
0 0.5769230769230769 0.28125 0.04326923076923077 0.0673076923076923
0 0.5516826923076923 0.27283653846153844 0.036057692307692304 0.06009615384615385
0 0.5252403846153846 0.2668269230769231 0.040865384615384616 0.0625
0 0.49759615384615385 0.2548076923076923 0.036057692307692304 0.057692307692307696
0 0.4699519230769231 0.25 0.04326923076923077 0.0673076923076923
0 0.43990384615384615 0.24278846153846154 0.038461538461538464 0.06490384615384616
0 0.41466346153846156 0.23557692307692307 0.038461538461538464 0.06009615384615385
0 0.38461538461538464 0.22956730769230768 0.038461538461538464 0.06009615384615385
0 0.3581730769230769 0.21875 0.038461538461538464 0.057692307692307696
0 0.3269230769230769 0.21394230769230768 0.04326923076923077 0.0625
0 0.2980769230769231 0.20432692307692307 0.04326923076923077 0.06971153846153846
0 0.27163461538461536 0.19831730769230768 0.04326923076923077 0.06009615384615385
0 0.24278846153846154 0.18870192307692307 0.05048076923076923 0.07211538461538461
0 0.8353365384615384 0.45913461538461536 0.055288461538461536 0.06971153846153846
0 0.8112980769230769 0.4519230769230769 0.057692307692307696 0.07211538461538461
0 0.7836538461538461 0.4483173076923077 0.052884615384615384 0.07451923076923077
0 0.75 0.4411057692307692 0.052884615384615384 0.0673076923076923
0 0.71875 0.43509615384615385 0.05048076923076923 0.06971153846153846
0 0.6814903846153846 0.42427884615384615 0.04807692307692308 0.06490384615384616
0 0.65625 0.41947115384615385 0.04807692307692308 0.06971153846153846
0 0.6225961538461539 0.4050480769230769 0.04807692307692308 0.0673076923076923
0 0.5961538461538461 0.4014423076923077 0.04807692307692308 0.06490384615384616
0 0.5685096153846154 0.3918269230769231 0.05048076923076923 0.07211538461538461
0 0.5360576923076923 0.38461538461538464 0.04567307692307692 0.0673076923076923
0 0.5108173076923077 0.3786057692307692 0.04567307692307692 0.0673076923076923
0 0.4795673076923077 0.3701923076923077 0.04567307692307692 0.07451923076923077
0 0.4483173076923077 0.3641826923076923 0.04326923076923077 0.0673076923076923
0 0.41947115384615385 0.3545673076923077 0.05048076923076923 0.07211538461538461
0 0.3858173076923077 0.3425480769230769 0.04807692307692308 0.07932692307692307
0 0.35336538461538464 0.3401442307692308 0.04807692307692308 0.08173076923076923
0 0.3233173076923077 0.3293269230769231 0.052884615384615384 0.08173076923076923
0 0.2920673076923077 0.3233173076923077 0.04807692307692308 0.07692307692307693
0 0.25841346153846156 0.3161057692307692 0.055288461538461536 0.08413461538461539
0 0.2247596153846154 0.3076923076923077 0.05048076923076923 0.07932692307692307
0 0.19230769230769232 0.3004807692307692 0.052884615384615384 0.07451923076923077
0 0.84375 0.5252403846153846 0.055288461538461536 0.0889423076923077
0 0.8137019230769231 0.5204326923076923 0.0625 0.09134615384615384
0 0.7872596153846154 0.5108173076923077 0.06009615384615385 0.09375
0 0.7572115384615384 0.5108173076923077 0.06009615384615385 0.0889423076923077
0 0.7271634615384616 0.5012019230769231 0.055288461538461536 0.0889423076923077
0 0.6814903846153846 0.4951923076923077 0.05048076923076923 0.09134615384615384
0 0.6502403846153846 0.48677884615384615 0.0625 0.09375
0 0.6213942307692307 0.4807692307692308 0.055288461538461536 0.08653846153846154
0 0.5901442307692307 0.46875 0.057692307692307696 0.09375
0 0.5588942307692307 0.46634615384615385 0.04807692307692308 0.08173076923076923
0 0.5252403846153846 0.45913461538461536 0.05048076923076923 0.08173076923076923
0 0.49759615384615385 0.4519230769230769 0.05048076923076923 0.07932692307692307
0 0.4639423076923077 0.4423076923076923 0.04326923076923077 0.07692307692307693
0 0.4326923076923077 0.4362980769230769 0.05048076923076923 0.07932692307692307
0 0.4014423076923077 0.42908653846153844 0.04567307692307692 0.07932692307692307
0 0.3701923076923077 0.4182692307692308 0.04807692307692308 0.07932692307692307
0 0.33533653846153844 0.41346153846153844 0.04807692307692308 0.07932692307692307
0 0.30408653846153844 0.40384615384615385 0.052884615384615384 0.07451923076923077
0 0.26802884615384615 0.39663461538461536 0.05048076923076923 0.08173076923076923
0 0.23557692307692307 0.3870192307692308 0.057692307692307696 0.08413461538461539
0 0.203125 0.38221153846153844 0.05048076923076923 0.07692307692307693
0 0.16706730769230768 0.36778846153846156 0.06009615384615385 0.08413461538461539
0 0.8617788461538461 0.6923076923076923 0.06490384615384616 0.09375
0 0.8317307692307693 0.6887019230769231 0.06490384615384616 0.0889423076923077
0 0.7956730769230769 0.6802884615384616 0.0625 0.0889423076923077
0 0.7644230769230769 0.6706730769230769 0.06009615384615385 0.0889423076923077
0 0.7295673076923077 0.6694711538461539 0.06009615384615385 0.08413461538461539
0 0.6790865384615384 0.6538461538461539 0.055288461538461536 0.08173076923076923
0 0.6454326923076923 0.6430288461538461 0.06009615384615385 0.0889423076923077
0 0.6081730769230769 0.6382211538461539 0.06971153846153846 0.09615384615384616
0 0.5757211538461539 0.6310096153846154 0.06009615384615385 0.0889423076923077
0 0.5408653846153846 0.6262019230769231 0.06009615384615385 0.09134615384615384
0 0.5096153846153846 0.6177884615384616 0.055288461538461536 0.0889423076923077
0 0.4723557692307692 0.6117788461538461 0.057692307692307696 0.09615384615384616
0 0.4387019230769231 0.6009615384615384 0.055288461538461536 0.08653846153846154
0 0.40024038461538464 0.5925480769230769 0.055288461538461536 0.09615384615384616
0 0.36658653846153844 0.5829326923076923 0.055288461538461536 0.09134615384615384
0 0.32572115384615385 0.5793269230769231 0.055288461538461536 0.09134615384615384
0 0.28846153846153844 0.5733173076923077 0.0625 0.09375
0 0.2512019230769231 0.5625 0.06009615384615385 0.09134615384615384
0 0.21394230769230768 0.5540865384615384 0.0625 0.0985576923076923
0 0.17548076923076922 0.546875 0.06490384615384616 0.10336538461538461
0 0.140625 0.5336538461538461 0.0625 0.0985576923076923
0 0.10336538461538461 0.5240384615384616 0.06971153846153846 0.0985576923076923
0 0.8966346153846154 0.8257211538461539 0.07211538461538461 0.08653846153846154
0 0.8605769230769231 0.8209134615384616 0.07692307692307693 0.0985576923076923
0 0.8173076923076923 0.8125 0.07451923076923077 0.0985576923076923
1 0.7776442307692307 0.8028846153846154 0.07932692307692307 0.10336538461538461
0 0.7355769230769231 0.7920673076923077 0.07451923076923077 0.10576923076923077
0 0.6971153846153846 0.7836538461538461 0.07451923076923077 0.10096153846153846
0 0.6550480769230769 0.7716346153846154 0.07211538461538461 0.09134615384615384
0 0.609375 0.765625 0.07211538461538461 0.09134615384615384
0 0.5661057692307693 0.7620192307692307 0.07211538461538461 0.09615384615384616
0 0.5228365384615384 0.7475961538461539 0.0673076923076923 0.09375
0 0.4807692307692308 0.7415865384615384 0.0625 0.09615384615384616
0 0.4411057692307692 0.7355769230769231 0.0673076923076923 0.0985576923076923