0 0.2439903846153846 0.27283653846153844 0.038461538461538464 0.06490384615384616
0 0.2692307692307692 0.27524038461538464 0.038461538461538464 0.06971153846153846
0 0.2956730769230769 0.2764423076923077 0.036057692307692304 0.06971153846153846
0 0.31971153846153844 0.2764423076923077 0.038461538461538464 0.06971153846153846
0 0.3449519230769231 0.2800480769230769 0.036057692307692304 0.06490384615384616
0 0.3858173076923077 0.27884615384615385 0.036057692307692304 0.06490384615384616
0 0.41346153846153844 0.28125 0.03125 0.0625
1 0.4387019230769231 0.28365384615384615 0.028846153846153848 0.06490384615384616
0 0.4639423076923077 0.2824519230769231 0.028846153846153848 0.06490384615384616
1 0.49038461538461536 0.2848557692307692 0.03125 0.0625
0 0.515625 0.28365384615384615 0.028846153846153848 0.055288461538461536
1 0.5420673076923077 0.2860576923076923 0.028846153846153848 0.06009615384615385
0 0.5721153846153846 0.2824519230769231 0.028846153846153848 0.055288461538461536
0 0.5985576923076923 0.2848557692307692 0.03125 0.0625
0 0.6274038461538461 0.2860576923076923 0.028846153846153848 0.0625
0 0.6538461538461539 0.2860576923076923 0.03125 0.055288461538461536
1 0.6838942307692307 0.28846153846153844 0.03125 0.055288461538461536
1 0.7127403846153846 0.2860576923076923 0.03125 0.052884615384615384
1 0.7427884615384616 0.28966346153846156 0.03365384615384615 0.057692307692307696
0 0.7728365384615384 0.28846153846153844 0.03125 0.06490384615384616
0 0.7992788461538461 0.28966346153846156 0.03365384615384615 0.055288461538461536
1 0.8293269230769231 0.28846153846153844 0.038461538461538464 0.06490384615384616
0 0.20072115384615385 0.38341346153846156 0.04567307692307692 0.0625
0 0.22596153846153846 0.38341346153846156 0.04567307692307692 0.06490384615384616
1 0.25240384615384615 0.3858173076923077 0.040865384615384616 0.06490384615384616
0 0.2848557692307692 0.3870192307692308 0.04326923076923077 0.06009615384615385
0 0.3161057692307692 0.390625 0.040865384615384616 0.0625
1 0.35336538461538464 0.3918269230769231 0.038461538461538464 0.06009615384615385
1 0.3786057692307692 0.39302884615384615 0.038461538461538464 0.0625
0 0.41346153846153844 0.3894230769230769 0.036057692307692304 0.06009615384615385
0 0.43990384615384615 0.3918269230769231 0.036057692307692304 0.06009615384615385
0 0.4699519230769231 0.39302884615384615 0.038461538461538464 0.06490384615384616
0 0.5 0.3942307692307692 0.036057692307692304 0.0625
0 0.5264423076923077 0.3954326923076923 0.03365384615384615 0.0625
0 0.5576923076923077 0.3954326923076923 0.03365384615384615 0.06971153846153846
1 0.5889423076923077 0.39903846153846156 0.03365384615384615 0.0625
0 0.6189903846153846 0.39663461538461536 0.038461538461538464 0.06490384615384616
0 0.6526442307692307 0.3954326923076923 0.036057692307692304 0.07451923076923077
0 0.6838942307692307 0.4014423076923077 0.036057692307692304 0.07692307692307693
0 0.7151442307692307 0.39783653846153844 0.040865384615384616 0.07692307692307693
0 0.7463942307692307 0.4026442307692308 0.036057692307692304 0.07211538461538461
0 0.7800480769230769 0.40384615384615385 0.040865384615384616 0.07692307692307693
0 0.8112980769230769 0.4050480769230769 0.038461538461538464 0.07211538461538461
0 0.8449519230769231 0.4074519230769231 0.040865384615384616 0.06971153846153846
0 0.17548076923076922 0.44350961538461536 0.040865384615384616 0.08173076923076923
0 0.20432692307692307 0.44711538461538464 0.04807692307692308 0.08173076923076923
0 0.23197115384615385 0.44350961538461536 0.04326923076923077 0.08653846153846154
1 0.25961538461538464 0.453125 0.04567307692307692 0.08173076923076923
1 0.29086538461538464 0.453125 0.040865384615384616 0.08173076923076923
1 0.33533653846153844 0.45913461538461536 0.036057692307692304 0.08653846153846154
0 0.36658653846153844 0.4579326923076923 0.04567307692307692 0.08653846153846154
1 0.3942307692307692 0.46033653846153844 0.040865384615384616 0.07932692307692307
1 0.42788461538461536 0.45913461538461536 0.040865384615384616 0.08653846153846154
0 0.4567307692307692 0.4639423076923077 0.036057692307692304 0.07692307692307693
1 0.4891826923076923 0.46634615384615385 0.036057692307692304 0.07692307692307693
1 0.5180288461538461 0.46875 0.036057692307692304 0.07211538461538461
1 0.5540865384615384 0.46634615384615385 0.03125 0.07211538461538461
0 0.5829326923076923 0.47115384615384615 0.036057692307692304 0.07211538461538461
1 0.6141826923076923 0.47115384615384615 0.03365384615384615 0.07451923076923077
1 0.6478365384615384 0.4699519230769231 0.036057692307692304 0.07451923076923077
1 0.6814903846153846 0.47596153846153844 0.036057692307692304 0.07211538461538461
0 0.7127403846153846 0.47475961538461536 0.038461538461538464 0.06971153846153846
1 0.7475961538461539 0.47716346153846156 0.036057692307692304 0.07692307692307693
0 0.7800480769230769 0.47596153846153844 0.04326923076923077 0.07692307692307693
0 0.8137019230769231 0.4807692307692308 0.038461538461538464 0.06971153846153846
0 0.8497596153846154 0.47596153846153844 0.04567307692307692 0.07692307692307693
0 0.11177884615384616 0.59375 0.05048076923076923 0.08653846153846154
1 0.14182692307692307 0.5997596153846154 0.05048076923076923 0.07932692307692307
0 0.1778846153846154 0.6009615384615384 0.04807692307692308 0.08173076923076923
0 0.21033653846153846 0.6009615384615384 0.04567307692307692 0.07932692307692307
1 0.24278846153846154 0.6081730769230769 0.04567307692307692 0.07692307692307693
1 0.2932692307692308 0.6069711538461539 0.04326923076923077 0.07211538461538461
1 0.328125 0.6069711538461539 0.04567307692307692 0.07932692307692307
0 0.3641826923076923 0.6117788461538461 0.052884615384615384 0.0889423076923077
1 0.39663461538461536 0.6141826923076923 0.04567307692307692 0.08173076923076923
0 0.43028846153846156 0.6189903846153846 0.04567307692307692 0.08173076923076923
1 0.46274038461538464 0.6201923076923077 0.040865384615384616 0.08173076923076923
1 0.4987980769230769 0.6237980769230769 0.040865384615384616 0.0889423076923077
1 0.5336538461538461 0.6225961538461539 0.040865384615384616 0.07932692307692307
0 0.5721153846153846 0.625 0.040865384615384616 0.0889423076923077
0 0.6069711538461539 0.625 0.040865384615384616 0.08413461538461539
1 0.6442307692307693 0.6322115384615384 0.040865384615384616 0.08413461538461539
1 0.6814903846153846 0.6370192307692307 0.04567307692307692 0.08653846153846154
0 0.71875 0.6370192307692307 0.04567307692307692 0.08413461538461539
0 0.7572115384615384 0.6370192307692307 0.04567307692307692 0.09134615384615384
1 0.7944711538461539 0.6430288461538461 0.04807692307692308 0.09375
0 0.8305288461538461 0.640625 0.04567307692307692 0.09134615384615384
0 0.8689903846153846 0.640625 0.052884615384615384 0.09134615384615384
1 0.04326923076923077 0.7091346153846154 0.057692307692307696 0.07932692307692307
0 0.07932692307692307 0.7151442307692307 0.06009615384615385 0.0889423076923077
1 0.12139423076923077 0.7199519230769231 0.06009615384615385 0.0889423076923077
1 0.16105769230769232 0.7211538461538461 0.06490384615384616 0.09134615384615384
0 0.20432692307692307 0.7211538461538461 0.06009615384615385 0.09615384615384616
0 0.24158653846153846 0.7235576923076923 0.057692307692307696 0.09134615384615384
0 0.2860576923076923 0.7247596153846154 0.057692307692307696 0.08173076923076923
0 0.33052884615384615 0.7307692307692307 0.057692307692307696 0.08173076923076923
0 0.3701923076923077 0.7403846153846154 0.055288461538461536 0.08653846153846154
1 0.41466346153846156 0.7367788461538461 0.052884615384615384 0.08653846153846154
1 0.45552884615384615 0.7415865384615384 0.04567307692307692 0.0889423076923077
1 0.4963942307692308 0.7475961538461539 0.05048076923076923 0.0889423076923077