0 0.18990384615384615 0.359375 0.052884615384615384 0.07211538461538461
0 0.21514423076923078 0.3545673076923077 0.052884615384615384 0.07451923076923077
0 0.24158653846153846 0.3473557692307692 0.05048076923076923 0.07451923076923077
0 0.2644230769230769 0.3389423076923077 0.052884615384615384 0.07692307692307693
1 0.28966346153846156 0.33413461538461536 0.05048076923076923 0.06971153846153846
1 0.3293269230769231 0.32091346153846156 0.05048076923076923 0.07211538461538461
1 0.35697115384615385 0.31490384615384615 0.04326923076923077 0.0673076923076923
0 0.38341346153846156 0.31009615384615385 0.04326923076923077 0.06971153846153846
0 0.4050480769230769 0.3004807692307692 0.04326923076923077 0.06971153846153846
1 0.4326923076923077 0.29447115384615385 0.04326923076923077 0.0673076923076923
0 0.4567307692307692 0.2860576923076923 0.038461538461538464 0.06009615384615385
1 0.4831730769230769 0.27884615384615385 0.040865384615384616 0.0625
0 0.5096153846153846 0.265625 0.038461538461538464 0.057692307692307696
0 0.5360576923076923 0.25961538461538464 0.04567307692307692 0.0673076923076923
1 0.5661057692307693 0.25240384615384615 0.040865384615384616 0.06490384615384616
0 0.5901442307692307 0.2439903846153846 0.040865384615384616 0.06009615384615385
1 0.6201923076923077 0.23677884615384615 0.040865384615384616 0.06009615384615385
1 0.6466346153846154 0.22716346153846154 0.040865384615384616 0.057692307692307696
1 0.6778846153846154 0.21995192307692307 0.04567307692307692 0.0625
0 0.7055288461538461 0.20793269230769232 0.04326923076923077 0.06971153846153846
1 0.7295673076923077 0.20192307692307693 0.04567307692307692 0.0625
1 0.7596153846153846 0.19110576923076922 0.052884615384615384 0.07211538461538461
0 0.18269230769230768 0.4807692307692308 0.057692307692307696 0.06971153846153846
0 0.20793269230769232 0.47115384615384615 0.057692307692307696 0.07211538461538461
1 0.23317307692307693 0.46634615384615385 0.055288461538461536 0.07211538461538461
0 0.265625 0.4579326923076923 0.055288461538461536 0.06971153846153846
1 0.296875 0.45072115384615385 0.052884615384615384 0.06971153846153846
1 0.33413461538461536 0.4411057692307692 0.05048076923076923 0.06490384615384616
0 0.3581730769230769 0.4338942307692308 0.05048076923076923 0.06971153846153846
1 0.3894230769230769 0.4182692307692308 0.04807692307692308 0.0673076923076923
0 0.4170673076923077 0.41346153846153844 0.04807692307692308 0.06490384615384616
0 0.44471153846153844 0.4050480769230769 0.05048076923076923 0.06971153846153846
0 0.47475961538461536 0.39663461538461536 0.04807692307692308 0.06971153846153846
0 0.5012019230769231 0.390625 0.04807692307692308 0.0673076923076923
0 0.53125 0.38100961538461536 0.04807692307692308 0.07451923076923077
1 0.5625 0.3737980769230769 0.04567307692307692 0.0673076923076923
0 0.5901442307692307 0.3629807692307692 0.05048076923076923 0.07211538461538461
0 0.6225961538461539 0.3485576923076923 0.04807692307692308 0.07932692307692307
1 0.6550480769230769 0.34615384615384615 0.05048076923076923 0.08173076923076923
0 0.6838942307692307 0.33413461538461536 0.055288461538461536 0.08173076923076923
0 0.7163461538461539 0.328125 0.05048076923076923 0.07692307692307693
0 0.7475961538461539 0.31971153846153844 0.057692307692307696 0.08413461538461539
0 0.7800480769230769 0.3088942307692308 0.052884615384615384 0.07932692307692307
0 0.8125 0.3016826923076923 0.052884615384615384 0.07692307692307693
1 0.1778846153846154 0.546875 0.057692307692307696 0.08653846153846154
1 0.20673076923076922 0.5396634615384616 0.06490384615384616 0.09134615384615384
1 0.23317307692307693 0.5288461538461539 0.0625 0.09375
1 0.2608173076923077 0.5288461538461539 0.0625 0.0889423076923077
1 0.29086538461538464 0.5192307692307693 0.057692307692307696 0.0889423076923077
1 0.33653846153846156 0.5108173076923077 0.052884615384615384 0.09134615384615384
1 0.36658653846153844 0.5012019230769231 0.06490384615384616 0.09375
1 0.3942307692307692 0.4951923076923077 0.057692307692307696 0.08653846153846154
1 0.4254807692307692 0.48197115384615385 0.06009615384615385 0.09134615384615384
1 0.45552884615384615 0.47836538461538464 0.05048076923076923 0.08173076923076923
1 0.4879807692307692 0.4699519230769231 0.052884615384615384 0.08413461538461539
1 0.5168269230769231 0.46153846153846156 0.05048076923076923 0.07932692307692307
1 0.5492788461538461 0.45072115384615385 0.04567307692307692 0.07692307692307693
1 0.5793269230769231 0.44350961538461536 0.05048076923076923 0.07692307692307693
1 0.6105769230769231 0.43509615384615385 0.04807692307692308 0.07932692307692307
1 0.6430288461538461 0.4230769230769231 0.05048076923076923 0.07932692307692307
0 0.6754807692307693 0.4182692307692308 0.05048076923076923 0.07692307692307693
0 0.7067307692307693 0.4074519230769231 0.052884615384615384 0.07692307692307693
1 0.7403846153846154 0.39903846153846156 0.052884615384615384 0.08173076923076923
1 0.7728365384615384 0.38822115384615385 0.057692307692307696 0.08413461538461539
1 0.8052884615384616 0.38221153846153844 0.052884615384615384 0.07692307692307693
1 0.8401442307692307 0.36658653846153844 0.0625 0.08653846153846154
1 0.16466346153846154 0.7115384615384616 0.0673076923076923 0.09375
1 0.19471153846153846 0.7067307692307693 0.06490384615384616 0.0889423076923077
1 0.22956730769230768 0.6983173076923077 0.06490384615384616 0.0889423076923077
1 0.2608173076923077 0.6875 0.06009615384615385 0.08653846153846154
1 0.29447115384615385 0.6850961538461539 0.0625 0.08653846153846154
1 0.34375 0.6670673076923077 0.057692307692307696 0.07932692307692307
1 0.3762019230769231 0.65625 0.06009615384615385 0.08653846153846154
1 0.41346153846153844 0.6502403846153846 0.06971153846153846 0.09615384615384616
1 0.44471153846153844 0.6418269230769231 0.0625 0.0889423076923077
1 0.4795673076923077 0.6358173076923077 0.0625 0.09134615384615384
1 0.5108173076923077 0.6262019230769231 0.057692307692307696 0.0889423076923077
0 0.546875 0.6189903846153846 0.06009615384615385 0.09615384615384616
1 0.5793269230769231 0.6069711538461539 0.057692307692307696 0.08653846153846154
1 0.6165865384615384 0.5985576923076923 0.057692307692307696 0.09375
1 0.6514423076923077 0.5865384615384616 0.057692307692307696 0.09134615384615384
1 0.6899038461538461 0.5817307692307693 0.057692307692307696 0.09134615384615384
1 0.7283653846153846 0.5745192307692307 0.0625 0.09375
0 0.7632211538461539 0.5625 0.0625 0.09134615384615384
1 0.8004807692307693 0.5516826923076923 0.06490384615384616 0.0985576923076923
1 0.8377403846153846 0.5444711538461539 0.0673076923076923 0.10336538461538461
0 0.8713942307692307 0.53125 0.06490384615384616 0.0985576923076923
1 0.9086538461538461 0.5192307692307693 0.06971153846153846 0.0985576923076923
1 0.1346153846153846 0.8449519230769231 0.07211538461538461 0.0889423076923077
0 0.171875 0.8389423076923077 0.07692307692307693 0.0985576923076923
1 0.2127403846153846 0.8293269230769231 0.07692307692307693 0.0985576923076923
1 0.2512019230769231 0.8197115384615384 0.08173076923076923 0.10336538461538461
0 0.2920673076923077 0.8064903846153846 0.07692307692307693 0.10576923076923077
0 0.33052884615384615 0.796875 0.07451923076923077 0.10096153846153846
1 0.3713942307692308 0.7836538461538461 0.07211538461538461 0.09134615384615384
0 0.4170673076923077 0.7764423076923077 0.07211538461538461 0.09134615384615384
0 0.45913461538461536 0.7704326923076923 0.07211538461538461 0.09615384615384616
1 0.5012019230769231 0.7548076923076923 0.06971153846153846 0.09375
0 0.5420673076923077 0.7475961538461539 0.0625 0.09615384615384616
1 0.5829326923076923 0.7403846153846154 0.0673076923076923 0.0985576923076923