0 0.7788461538461539 0.26802884615384615 0.038461538461538464 0.06490384615384616
0 0.7536057692307693 0.2704326923076923 0.038461538461538464 0.06971153846153846
0 0.7259615384615384 0.27163461538461536 0.036057692307692304 0.06971153846153846
0 0.7007211538461539 0.2704326923076923 0.038461538461538464 0.06971153846153846
0 0.6742788461538461 0.27283653846153844 0.036057692307692304 0.06490384615384616
0 0.6322115384615384 0.2704326923076923 0.03365384615384615 0.0673076923076923
0 0.6033653846153846 0.2704326923076923 0.028846153846153848 0.0625
0 0.5769230769230769 0.27403846153846156 0.026442307692307692 0.0673076923076923
0 0.5516826923076923 0.27163461538461536 0.028846153846153848 0.0673076923076923
0 0.5240384615384616 0.27403846153846156 0.028846153846153848 0.06490384615384616
0 0.49759615384615385 0.27163461538461536 0.026442307692307692 0.057692307692307696
0 0.4699519230769231 0.27163461538461536 0.028846153846153848 0.06009615384615385
0 0.4411057692307692 0.26802884615384615 0.026442307692307692 0.055288461538461536
0 0.41225961538461536 0.26802884615384615 0.03125 0.0625
0 0.38221153846153844 0.2692307692307692 0.026442307692307692 0.0625
0 0.3545673076923077 0.26802884615384615 0.028846153846153848 0.057692307692307696
0 0.3245192307692308 0.2692307692307692 0.028846153846153848 0.057692307692307696
0 0.2956730769230769 0.2668269230769231 0.028846153846153848 0.052884615384615384
0 0.2644230769230769 0.2692307692307692 0.03125 0.057692307692307696
0 0.234375 0.2668269230769231 0.028846153846153848 0.06490384615384616
0 0.20673076923076922 0.2668269230769231 0.03365384615384615 0.057692307692307696
0 0.17668269230769232 0.2644230769230769 0.038461538461538464 0.06490384615384616
0 0.8197115384615384 0.38341346153846156 0.04326923076923077 0.0625
0 0.7932692307692307 0.38341346153846156 0.04326923076923077 0.06490384615384616
0 0.765625 0.3858173076923077 0.040865384615384616 0.0673076923076923
0 0.7319711538461539 0.3870192307692308 0.040865384615384616 0.06009615384615385
0 0.6995192307692307 0.38822115384615385 0.038461538461538464 0.06490384615384616
0 0.6610576923076923 0.38822115384615385 0.036057692307692304 0.06009615384615385
0 0.6346153846153846 0.38822115384615385 0.036057692307692304 0.06490384615384616
0 0.5997596153846154 0.38341346153846156 0.036057692307692304 0.06009615384615385
0 0.5721153846153846 0.3858173076923077 0.036057692307692304 0.06009615384615385
0 0.5420673076923077 0.38461538461538464 0.036057692307692304 0.06490384615384616
0 0.5096153846153846 0.38461538461538464 0.03365384615384615 0.06490384615384616
0 0.4831730769230769 0.3858173076923077 0.03365384615384615 0.0625
0 0.45072115384615385 0.38461538461538464 0.03365384615384615 0.07211538461538461
0 0.41947115384615385 0.3870192307692308 0.03125 0.0625
0 0.38822115384615385 0.38461538461538464 0.036057692307692304 0.0673076923076923
0 0.35336538461538464 0.3798076923076923 0.03365384615384615 0.07451923076923077
0 0.31971153846153844 0.3858173076923077 0.03365384615384615 0.07692307692307693
0 0.28846153846153844 0.38221153846153844 0.038461538461538464 0.07692307692307693
0 0.25600961538461536 0.38461538461538464 0.036057692307692304 0.07211538461538461
0 0.22235576923076922 0.38461538461538464 0.040865384615384616 0.07932692307692307
0 0.1875 0.3858173076923077 0.036057692307692304 0.07451923076923077
0 0.15384615384615385 0.3858173076923077 0.040865384615384616 0.06971153846153846
0 0.8425480769230769 0.44711538461538464 0.040865384615384616 0.08173076923076923
0 0.8125 0.4495192307692308 0.04807692307692308 0.08413461538461539
0 0.7848557692307693 0.44591346153846156 0.04326923076923077 0.08653846153846154
0 0.7560096153846154 0.4543269230769231 0.04326923076923077 0.08173076923076923
0 0.7235576923076923 0.453125 0.040865384615384616 0.08413461538461539
0 0.6778846153846154 0.4567307692307692 0.03365384615384615 0.0889423076923077
0 0.6442307692307693 0.45552884615384615 0.04567307692307692 0.08653846153846154
0 0.6165865384615384 0.4567307692307692 0.040865384615384616 0.08173076923076923
0 0.5817307692307693 0.4543269230769231 0.040865384615384616 0.08653846153846154
0 0.5516826923076923 0.4579326923076923 0.03365384615384615 0.07932692307692307
0 0.5180288461538461 0.45913461538461536 0.036057692307692304 0.07932692307692307
0 0.4879807692307692 0.46033653846153844 0.036057692307692304 0.07451923076923077
0 0.453125 0.45913461538461536 0.028846153846153848 0.07451923076923077
0 0.421875 0.46033653846153844 0.036057692307692304 0.07451923076923077
0 0.3894230769230769 0.46033653846153844 0.03125 0.07451923076923077
0 0.3545673076923077 0.4579326923076923 0.03365384615384615 0.07451923076923077
0 0.31971153846153844 0.46274038461538464 0.03365384615384615 0.07451923076923077
0 0.28725961538461536 0.46033653846153844 0.038461538461538464 0.06971153846153846
0 0.2512019230769231 0.46274038461538464 0.036057692307692304 0.07692307692307693
0 0.21754807692307693 0.45913461538461536 0.04326923076923077 0.07692307692307693
0 0.18269230769230768 0.4639423076923077 0.038461538461538464 0.07211538461538461
0 0.14543269230769232 0.4567307692307692 0.04567307692307692 0.07932692307692307
0 0.9026442307692307 0.6057692307692307 0.04807692307692308 0.08653846153846154
0 0.8713942307692307 0.609375 0.04807692307692308 0.08173076923076923
0 0.8353365384615384 0.6105769230769231 0.04807692307692308 0.08173076923076923
0 0.8016826923076923 0.609375 0.04567307692307692 0.08173076923076923
0 0.7680288461538461 0.6153846153846154 0.04567307692307692 0.07932692307692307
0 0.7151442307692307 0.6129807692307693 0.04326923076923077 0.07451923076923077
0 0.6802884615384616 0.6105769230769231 0.04326923076923077 0.08173076923076923
0 0.6430288461538461 0.6153846153846154 0.052884615384615384 0.0889423076923077
0 0.609375 0.6153846153846154 0.04567307692307692 0.08173076923076923
0 0.5745192307692307 0.6201923076923077 0.04567307692307692 0.08413461538461539
0 0.5408653846153846 0.6189903846153846 0.038461538461538464 0.08413461538461539
0 0.5036057692307693 0.6213942307692307 0.040865384615384616 0.09134615384615384
0 0.4675480769230769 0.6177884615384616 0.040865384615384616 0.08173076923076923
0 0.42908653846153844 0.6213942307692307 0.038461538461538464 0.0889423076923077
0 0.3918269230769231 0.6201923076923077 0.038461538461538464 0.08653846153846154
0 0.35336538461538464 0.6262019230769231 0.040865384615384616 0.08653846153846154
0 0.3137019230769231 0.6286057692307693 0.04567307692307692 0.08653846153846154
0 0.27524038461538464 0.6274038461538461 0.04567307692307692 0.08653846153846154
0 0.23677884615384615 0.6274038461538461 0.04326923076923077 0.09375
0 0.19831730769230768 0.6298076923076923 0.04807692307692308 0.09615384615384616
0 0.16105769230769232 0.6274038461538461 0.04567307692307692 0.09375
0 0.12139423076923077 0.6262019230769231 0.052884615384615384 0.09134615384615384
0 0.96875 0.7259615384615384 0.057692307692307696 0.07932692307692307
0 0.9314903846153846 0.7307692307692307 0.06009615384615385 0.0889423076923077
0 0.8882211538461539 0.7331730769230769 0.057692307692307696 0.0889423076923077
1 0.8473557692307693 0.734375 0.0625 0.09375
0 0.8028846153846154 0.7331730769230769 0.057692307692307696 0.09615384615384616
0 0.7632211538461539 0.7331730769230769 0.057692307692307696 0.09134615384615384
0 0.71875 0.7331730769230769 0.055288461538461536 0.08173076923076923
0 0.6730769230769231 0.7391826923076923 0.055288461538461536 0.08173076923076923
0 0.6310096153846154 0.7451923076923077 0.055288461538461536 0.08653846153846154
0 0.5865384615384616 0.7415865384615384 0.052884615384615384 0.08653846153846154
0 0.5432692307692307 0.7451923076923077 0.04567307692307692 0.0889423076923077
0 0.5024038461538461 0.75 0.05048076923076923 0.09134615384615384