0 0.8786057692307693 0.3016826923076923 0.05048076923076923 0.07451923076923077
0 0.8509615384615384 0.29927884615384615 0.05048076923076923 0.07932692307692307
0 0.8233173076923077 0.29447115384615385 0.05048076923076923 0.07932692307692307
0 0.796875 0.28846153846153844 0.052884615384615384 0.07932692307692307
0 0.7680288461538461 0.2860576923076923 0.04807692307692308 0.07451923076923077
0 0.7271634615384616 0.27403846153846156 0.04807692307692308 0.07692307692307693
0 0.6959134615384616 0.2692307692307692 0.040865384615384616 0.06971153846153846
0 0.6682692307692307 0.2668269230769231 0.040865384615384616 0.07451923076923077
0 0.6418269230769231 0.25841346153846156 0.040865384615384616 0.07451923076923077
0 0.6129807692307693 0.25600961538461536 0.04326923076923077 0.07211538461538461
0 0.5853365384615384 0.24879807692307693 0.038461538461538464 0.06490384615384616
0 0.5576923076923077 0.2439903846153846 0.038461538461538464 0.0673076923076923
0 0.5276442307692307 0.23317307692307693 0.036057692307692304 0.0625
0 0.49759615384615385 0.2283653846153846 0.04326923076923077 0.06971153846153846
0 0.46634615384615385 0.22355769230769232 0.038461538461538464 0.06971153846153846
0 0.4375 0.21634615384615385 0.040865384615384616 0.06490384615384616
0 0.4074519230769231 0.21153846153846154 0.040865384615384616 0.06490384615384616
0 0.3762019230769231 0.20192307692307693 0.038461538461538464 0.06009615384615385
0 0.34375 0.19951923076923078 0.04326923076923077 0.0673076923076923
0 0.3125 0.18990384615384615 0.04326923076923077 0.07211538461538461
0 0.2848557692307692 0.18509615384615385 0.04567307692307692 0.06490384615384616
0 0.2536057692307692 0.17548076923076922 0.05048076923076923 0.07451923076923077
0 0.8978365384615384 0.43149038461538464 0.057692307692307696 0.07211538461538461
0 0.8713942307692307 0.4254807692307692 0.057692307692307696 0.07451923076923077
0 0.8425480769230769 0.421875 0.052884615384615384 0.07692307692307693
0 0.8064903846153846 0.41586538461538464 0.052884615384615384 0.06971153846153846
0 0.7728365384615384 0.4110576923076923 0.052884615384615384 0.07451923076923077
0 0.7331730769230769 0.4026442307692308 0.04807692307692308 0.0673076923076923
0 0.7055288461538461 0.39783653846153844 0.05048076923076923 0.07211538461538461
0 0.6694711538461539 0.3858173076923077 0.04807692307692308 0.06971153846153846
0 0.640625 0.38341346153846156 0.04807692307692308 0.0673076923076923
0 0.609375 0.375 0.05048076923076923 0.07451923076923077
0 0.5769230769230769 0.36899038461538464 0.04567307692307692 0.07211538461538461
0 0.5480769230769231 0.3641826923076923 0.04567307692307692 0.07211538461538461
0 0.5144230769230769 0.35697115384615385 0.04567307692307692 0.07932692307692307
0 0.48197115384615385 0.35336538461538464 0.04326923076923077 0.06971153846153846
0 0.4495192307692308 0.34375 0.04807692307692308 0.07692307692307693
0 0.41346153846153844 0.3317307692307692 0.04807692307692308 0.08413461538461539
0 0.3798076923076923 0.3317307692307692 0.04807692307692308 0.08653846153846154
0 0.3473557692307692 0.32211538461538464 0.052884615384615384 0.08653846153846154
0 0.3125 0.31850961538461536 0.04807692307692308 0.08173076923076923
0 0.2764423076923077 0.3112980769230769 0.055288461538461536 0.0889423076923077
0 0.24158653846153846 0.30408653846153844 0.05048076923076923 0.08413461538461539
0 0.20552884615384615 0.29927884615384615 0.052884615384615384 0.07932692307692307
0 0.9098557692307693 0.5012019230769231 0.055288461538461536 0.09375
0 0.8774038461538461 0.4987980769230769 0.06490384615384616 0.09615384615384616
0 0.8485576923076923 0.4879807692307692 0.057692307692307696 0.0985576923076923
0 0.8173076923076923 0.49158653846153844 0.06009615384615385 0.09375
0 0.7848557692307693 0.4831730769230769 0.055288461538461536 0.09375
0 0.7355769230769231 0.47836538461538464 0.05048076923076923 0.0985576923076923
0 0.7019230769230769 0.47115384615384615 0.0625 0.0985576923076923
0 0.671875 0.46634615384615385 0.055288461538461536 0.09134615384615384
0 0.6370192307692307 0.45552884615384615 0.055288461538461536 0.09615384615384616
0 0.6057692307692307 0.45552884615384615 0.04807692307692308 0.08653846153846154
0 0.5685096153846154 0.4483173076923077 0.05048076923076923 0.0889423076923077
0 0.5384615384615384 0.44350961538461536 0.04807692307692308 0.08413461538461539
0 0.5012019230769231 0.4338942307692308 0.040865384615384616 0.08173076923076923
0 0.4699519230769231 0.43028846153846156 0.04807692307692308 0.08413461538461539
0 0.43509615384615385 0.42427884615384615 0.04567307692307692 0.08413461538461539
0 0.40024038461538464 0.41466346153846156 0.04807692307692308 0.08413461538461539
0 0.3629807692307692 0.4110576923076923 0.04807692307692308 0.08413461538461539
0 0.33052884615384615 0.4026442307692308 0.052884615384615384 0.07932692307692307
0 0.2920673076923077 0.39783653846153844 0.05048076923076923 0.08653846153846154
0 0.25721153846153844 0.38822115384615385 0.057692307692307696 0.08653846153846154
0 0.22115384615384615 0.38461538461538464 0.05048076923076923 0.07932692307692307
0 0.18389423076923078 0.3713942307692308 0.06009615384615385 0.0889423076923077
0 0.9387019230769231 0.6790865384615384 0.06490384615384616 0.0985576923076923
0 0.90625 0.6754807692307693 0.0625 0.09375
0 0.8677884615384616 0.6694711538461539 0.06490384615384616 0.09615384615384616
0 0.8329326923076923 0.6610576923076923 0.06009615384615385 0.09134615384615384
0 0.796875 0.6610576923076923 0.06009615384615385 0.0889423076923077
0 0.7427884615384616 0.6478365384615384 0.055288461538461536 0.08413461538461539
0 0.7067307692307693 0.6394230769230769 0.057692307692307696 0.09134615384615384
0 0.6670673076923077 0.6358173076923077 0.0673076923076923 0.10096153846153846
0 0.6322115384615384 0.6298076923076923 0.06009615384615385 0.09375
0 0.5949519230769231 0.6262019230769231 0.06009615384615385 0.09615384615384616
0 0.5600961538461539 0.6189903846153846 0.055288461538461536 0.09375
0 0.5216346153846154 0.6153846153846154 0.057692307692307696 0.10096153846153846
0 0.484375 0.6045673076923077 0.055288461538461536 0.09134615384615384
0 0.44350961538461536 0.5985576923076923 0.055288461538461536 0.10096153846153846
0 0.40625 0.5901442307692307 0.055288461538461536 0.09615384615384616
0 0.3641826923076923 0.5877403846153846 0.055288461538461536 0.09615384615384616
0 0.3233173076923077 0.5829326923076923 0.06009615384615385 0.0985576923076923
0 0.28365384615384615 0.5745192307692307 0.0625 0.09615384615384616
0 0.24278846153846154 0.5673076923076923 0.06009615384615385 0.10336538461538461
0 0.20192307692307693 0.5625 0.06490384615384616 0.10817307692307693
0 0.16346153846153846 0.5504807692307693 0.0625 0.10336538461538461
0 0.12259615384615384 0.5408653846153846 0.06971153846153846 0.10336538461538461
0 0.9326923076923077 0.8137019230769231 0.055288461538461536 0.0985576923076923
0 0.8978365384615384 0.8088942307692307 0.07451923076923077 0.10336538461538461
1 0.8557692307692307 0.8016826923076923 0.08173076923076923 0.10817307692307693
0 0.8100961538461539 0.7908653846153846 0.07692307692307693 0.11057692307692307
0 0.7692307692307693 0.7848557692307693 0.07451923076923077 0.10576923076923077
0 0.7223557692307693 0.7752403846153846 0.07211538461538461 0.09615384615384616
0 0.6742788461538461 0.7716346153846154 0.07211538461538461 0.09615384615384616
0 0.6286057692307693 0.7692307692307693 0.07211538461538461 0.10096153846153846
0 0.5829326923076923 0.7560096153846154 0.06971153846153846 0.0985576923076923
0 0.5372596153846154 0.7524038461538461 0.0625 0.10096153846153846
0 0.49278846153846156 0.7475961538461539 0.0673076923076923 0.10336538461538461