0 0.7800480769230769 0.3125 0.040865384615384616 0.0673076923076923
0 0.7536057692307693 0.3125 0.040865384615384616 0.06971153846153846
0 0.7271634615384616 0.31009615384615385 0.038461538461538464 0.06971153846153846
0 0.703125 0.30649038461538464 0.040865384615384616 0.06971153846153846
0 0.6778846153846154 0.30528846153846156 0.038461538461538464 0.0673076923076923
0 0.6370192307692307 0.29927884615384615 0.038461538461538464 0.0673076923076923
0 0.609375 0.296875 0.03365384615384615 0.0625
0 0.5829326923076923 0.296875 0.03125 0.0673076923076923
0 0.5588942307692307 0.2932692307692308 0.03125 0.0673076923076923
0 0.53125 0.2920673076923077 0.03365384615384615 0.0625
0 0.5060096153846154 0.28725961538461536 0.028846153846153848 0.057692307692307696
0 0.4807692307692308 0.2848557692307692 0.03125 0.06009615384615385
0 0.4519230769230769 0.2776442307692308 0.028846153846153848 0.055288461538461536
0 0.42427884615384615 0.27524038461538464 0.03365384615384615 0.0625
0 0.3942307692307692 0.27283653846153844 0.03125 0.0625
0 0.36778846153846156 0.2692307692307692 0.03125 0.057692307692307696
0 0.3389423076923077 0.2668269230769231 0.03125 0.057692307692307696
0 0.3112980769230769 0.2620192307692308 0.03125 0.052884615384615384
0 0.28125 0.2608173076923077 0.036057692307692304 0.06009615384615385
0 0.2512019230769231 0.2548076923076923 0.03365384615384615 0.06490384615384616
0 0.2247596153846154 0.25240384615384615 0.036057692307692304 0.057692307692307696
0 0.19471153846153846 0.24639423076923078 0.040865384615384616 0.0673076923076923
0 0.8076923076923077 0.42908653846153844 0.04807692307692308 0.0625
0 0.78125 0.4254807692307692 0.04807692307692308 0.0673076923076923
0 0.7548076923076923 0.42427884615384615 0.04326923076923077 0.0673076923076923
0 0.7223557692307693 0.421875 0.04567307692307692 0.0625
0 0.6911057692307693 0.421875 0.04326923076923077 0.06490384615384616
0 0.6538461538461539 0.4170673076923077 0.040865384615384616 0.06009615384615385
0 0.6286057692307693 0.41346153846153844 0.040865384615384616 0.06490384615384616
0 0.59375 0.40625 0.038461538461538464 0.0625
0 0.5673076923076923 0.4050480769230769 0.038461538461538464 0.06009615384615385
0 0.5384615384615384 0.4014423076923077 0.040865384615384616 0.0673076923076923
0 0.5072115384615384 0.39783653846153844 0.038461538461538464 0.06490384615384616
0 0.4807692307692308 0.3954326923076923 0.036057692307692304 0.0625
0 0.45072115384615385 0.3918269230769231 0.036057692307692304 0.06971153846153846
0 0.41947115384615385 0.390625 0.036057692307692304 0.0625
0 0.3894230769230769 0.38461538461538464 0.040865384615384616 0.0673076923076923
0 0.3557692307692308 0.37740384615384615 0.038461538461538464 0.07692307692307693
0 0.3233173076923077 0.3798076923076923 0.038461538461538464 0.07692307692307693
0 0.2932692307692308 0.37259615384615385 0.04326923076923077 0.07692307692307693
0 0.2620192307692308 0.3713942307692308 0.038461538461538464 0.07211538461538461
0 0.2283653846153846 0.36899038461538464 0.04567307692307692 0.07932692307692307
0 0.19471153846153846 0.36538461538461536 0.040865384615384616 0.07451923076923077
0 0.1622596153846154 0.3629807692307692 0.04326923076923077 0.06971153846153846
0 0.8245192307692307 0.49158653846153844 0.04326923076923077 0.08413461538461539
0 0.7944711538461539 0.49158653846153844 0.05048076923076923 0.08413461538461539
0 0.7668269230769231 0.484375 0.04807692307692308 0.08653846153846154
0 0.7379807692307693 0.49038461538461536 0.04807692307692308 0.08413461538461539
0 0.7079326923076923 0.4855769230769231 0.04326923076923077 0.08413461538461539
0 0.6634615384615384 0.4855769230769231 0.038461538461538464 0.08653846153846154
0 0.6310096153846154 0.4795673076923077 0.04807692307692308 0.08653846153846154
0 0.6033653846153846 0.47836538461538464 0.04567307692307692 0.08173076923076923
0 0.5709134615384616 0.4723557692307692 0.04567307692307692 0.08653846153846154
0 0.5408653846153846 0.4735576923076923 0.038461538461538464 0.07932692307692307
0 0.5072115384615384 0.4699519230769231 0.040865384615384616 0.07932692307692307
0 0.47836538461538464 0.46875 0.040865384615384616 0.07451923076923077
0 0.44350961538461536 0.4639423076923077 0.03365384615384615 0.07451923076923077
0 0.41346153846153844 0.46274038461538464 0.038461538461538464 0.07451923076923077
0 0.38341346153846156 0.4579326923076923 0.036057692307692304 0.07451923076923077
0 0.34975961538461536 0.453125 0.038461538461538464 0.07692307692307693
0 0.3161057692307692 0.453125 0.038461538461538464 0.07451923076923077
0 0.28365384615384615 0.4483173076923077 0.040865384615384616 0.06971153846153846
0 0.24879807692307693 0.44711538461538464 0.040865384615384616 0.07692307692307693
0 0.21634615384615385 0.43990384615384615 0.04567307692307692 0.07692307692307693
0 0.18269230769230768 0.4411057692307692 0.040865384615384616 0.07211538461538461
0 0.1466346153846154 0.43028846153846156 0.04807692307692308 0.07932692307692307
0 0.8641826923076923 0.6514423076923077 0.052884615384615384 0.0889423076923077
0 0.8353365384615384 0.6526442307692307 0.052884615384615384 0.08173076923076923
0 0.7992788461538461 0.6490384615384616 0.05048076923076923 0.08413461538461539
0 0.7668269230769231 0.6442307692307693 0.04807692307692308 0.08173076923076923
0 0.7331730769230769 0.6466346153846154 0.04807692307692308 0.07932692307692307
0 0.6826923076923077 0.6394230769230769 0.04567307692307692 0.07451923076923077
0 0.6490384615384616 0.6334134615384616 0.04807692307692308 0.08173076923076923
0 0.6129807692307693 0.6346153846153846 0.057692307692307696 0.0889423076923077
0 0.5793269230769231 0.6310096153846154 0.04807692307692308 0.08413461538461539
0 0.5456730769230769 0.6322115384615384 0.04807692307692308 0.08413461538461539
0 0.5132211538461539 0.6274038461538461 0.04326923076923077 0.08413461538461539
0 0.47716346153846156 0.6274038461538461 0.04567307692307692 0.09134615384615384
0 0.4423076923076923 0.6201923076923077 0.04567307692307692 0.08173076923076923
0 0.40384615384615385 0.6177884615384616 0.04326923076923077 0.0889423076923077
0 0.36778846153846156 0.6129807692307693 0.04326923076923077 0.08653846153846154
0 0.33052884615384615 0.6153846153846154 0.04326923076923077 0.08653846153846154
0 0.2920673076923077 0.6141826923076923 0.04807692307692308 0.08653846153846154
0 0.2548076923076923 0.609375 0.04807692307692308 0.08653846153846154
0 0.21634615384615385 0.6057692307692307 0.04807692307692308 0.09375
0 0.17908653846153846 0.6045673076923077 0.052884615384615384 0.09615384615384616
0 0.14423076923076922 0.5961538461538461 0.05048076923076923 0.09375
0 0.10576923076923077 0.5925480769230769 0.057692307692307696 0.09375
0 0.9170673076923077 0.7764423076923077 0.06009615384615385 0.07932692307692307
0 0.8798076923076923 0.7764423076923077 0.06490384615384616 0.0889423076923077
0 0.8377403846153846 0.7740384615384616 0.0625 0.09134615384615384
1 0.7980769230769231 0.7704326923076923 0.0673076923076923 0.09615384615384616
0 0.7572115384615384 0.765625 0.0625 0.0985576923076923
0 0.71875 0.7632211538461539 0.0625 0.09375
1 0.6742788461538461 0.7560096153846154 0.06009615384615385 0.08413461538461539
0 0.6298076923076923 0.7572115384615384 0.06009615384615385 0.08413461538461539
0 0.5865384615384616 0.7596153846153846 0.057692307692307696 0.0889423076923077
0 0.5444711538461539 0.7512019230769231 0.055288461538461536 0.08653846153846154
0 0.5024038461538461 0.7512019230769231 0.05048076923076923 0.0889423076923077
0 0.46274038461538464 0.7512019230769231 0.055288461538461536 0.09375