0 0.20673076923076922 0.2956730769230769 0.04326923076923077 0.07211538461538461
0 0.234375 0.2980769230769231 0.040865384615384616 0.07692307692307693
0 0.2644230769230769 0.296875 0.040865384615384616 0.07692307692307693
0 0.29086538461538464 0.29447115384615385 0.04326923076923077 0.07692307692307693
1 0.31971153846153844 0.2956730769230769 0.040865384615384616 0.07211538461538461
1 0.3641826923076923 0.29086538461538464 0.038461538461538464 0.07211538461538461
1 0.3954326923076923 0.28966346153846156 0.03125 0.0673076923076923
0 0.42427884615384615 0.29086538461538464 0.03125 0.07211538461538461
0 0.45072115384615385 0.28725961538461536 0.03365384615384615 0.07211538461538461
1 0.4807692307692308 0.28725961538461536 0.03365384615384615 0.0673076923076923
0 0.5084134615384616 0.2848557692307692 0.028846153846153848 0.06009615384615385
1 0.5384615384615384 0.28365384615384615 0.03125 0.06490384615384616
0 0.5697115384615384 0.2764423076923077 0.028846153846153848 0.06009615384615385
0 0.5997596153846154 0.2764423076923077 0.03365384615384615 0.0673076923076923
1 0.6322115384615384 0.27524038461538464 0.028846153846153848 0.0673076923076923
0 0.6598557692307693 0.27283653846153844 0.03125 0.06009615384615385
1 0.6923076923076923 0.27163461538461536 0.03125 0.06009615384615385
1 0.7235576923076923 0.2668269230769231 0.03125 0.057692307692307696
1 0.7572115384615384 0.26802884615384615 0.036057692307692304 0.0625
0 0.7896634615384616 0.26322115384615385 0.03365384615384615 0.06971153846153846
0 0.8185096153846154 0.26322115384615385 0.036057692307692304 0.06009615384615385
1 0.8521634615384616 0.25841346153846156 0.04326923076923077 0.07211538461538461
1 0.17067307692307693 0.4230769230769231 0.04807692307692308 0.0673076923076923
0 0.19831730769230768 0.4206730769230769 0.04807692307692308 0.07211538461538461
1 0.2283653846153846 0.421875 0.04567307692307692 0.07211538461538461
0 0.26322115384615385 0.4206730769230769 0.04567307692307692 0.0673076923076923
1 0.2980769230769231 0.4206730769230769 0.04326923076923077 0.06971153846153846
1 0.3401442307692308 0.4182692307692308 0.040865384615384616 0.06490384615384616
0 0.36778846153846156 0.4170673076923077 0.040865384615384616 0.06971153846153846
1 0.4050480769230769 0.4098557692307692 0.038461538461538464 0.0673076923076923
1 0.4338942307692308 0.4110576923076923 0.038461538461538464 0.06490384615384616
0 0.46634615384615385 0.4074519230769231 0.040865384615384616 0.07211538461538461
0 0.5 0.40625 0.038461538461538464 0.06971153846153846
0 0.5288461538461539 0.4050480769230769 0.036057692307692304 0.0673076923076923
0 0.5637019230769231 0.4026442307692308 0.036057692307692304 0.07692307692307693
1 0.5973557692307693 0.4026442307692308 0.03365384615384615 0.0673076923076923
0 0.6310096153846154 0.39783653846153844 0.040865384615384616 0.07211538461538461
0 0.6682692307692307 0.3918269230769231 0.036057692307692304 0.08173076923076923
1 0.7043269230769231 0.39663461538461536 0.038461538461538464 0.08173076923076923
0 0.7379807692307693 0.390625 0.04326923076923077 0.08413461538461539
0 0.7728365384615384 0.3918269230769231 0.038461538461538464 0.07932692307692307
0 0.8088942307692307 0.390625 0.04567307692307692 0.08413461538461539
0 0.8461538461538461 0.38822115384615385 0.040865384615384616 0.07932692307692307
0 0.8822115384615384 0.38822115384615385 0.04326923076923077 0.07692307692307693
1 0.14903846153846154 0.49158653846153844 0.04326923076923077 0.0889423076923077
1 0.1814903846153846 0.49278846153846156 0.052884615384615384 0.09134615384615384
1 0.21033653846153846 0.48677884615384615 0.04807692307692308 0.09375
1 0.24278846153846154 0.49399038461538464 0.04807692307692308 0.0889423076923077
1 0.2764423076923077 0.49038461538461536 0.04326923076923077 0.09134615384615384
1 0.32572115384615385 0.49278846153846156 0.036057692307692304 0.09375
1 0.3605769230769231 0.4891826923076923 0.05048076923076923 0.09375
1 0.3918269230769231 0.4891826923076923 0.04567307692307692 0.0889423076923077
1 0.42788461538461536 0.484375 0.04567307692307692 0.09375
1 0.46033653846153844 0.48677884615384615 0.036057692307692304 0.08413461538461539
0 0.49759615384615385 0.4855769230769231 0.038461538461538464 0.08413461538461539
1 0.5300480769230769 0.4855769230769231 0.038461538461538464 0.07932692307692307
1 0.5673076923076923 0.48197115384615385 0.03365384615384615 0.07932692307692307
1 0.5997596153846154 0.48197115384615385 0.038461538461538464 0.07932692307692307
1 0.6334134615384616 0.4795673076923077 0.036057692307692304 0.08173076923076923
1 0.6706730769230769 0.47596153846153844 0.038461538461538464 0.08173076923076923
0 0.7079326923076923 0.47836538461538464 0.038461538461538464 0.07932692307692307
1 0.7427884615384616 0.47475961538461536 0.04326923076923077 0.07692307692307693
1 0.78125 0.47475961538461536 0.038461538461538464 0.08413461538461539
1 0.8173076923076923 0.4699519230769231 0.04567307692307692 0.08413461538461539
1 0.8545673076923077 0.4723557692307692 0.040865384615384616 0.07692307692307693
1 0.8942307692307693 0.4639423076923077 0.05048076923076923 0.08413461538461539
1 0.09495192307692307 0.6646634615384616 0.052884615384615384 0.09375
0 0.12740384615384615 0.6658653846153846 0.052884615384615384 0.0889423076923077
1 0.16706730769230768 0.6658653846153846 0.052884615384615384 0.0889423076923077
1 0.203125 0.6622596153846154 0.04807692307692308 0.0889423076923077
1 0.23918269230769232 0.6670673076923077 0.05048076923076923 0.08413461538461539
1 0.29447115384615385 0.6610576923076923 0.04567307692307692 0.07932692307692307
0 0.3317307692307692 0.6574519230769231 0.04807692307692308 0.0889423076923077
1 0.3737980769230769 0.6598557692307693 0.057692307692307696 0.09615384615384616
1 0.40865384615384615 0.6586538461538461 0.04807692307692308 0.0889423076923077
1 0.44711538461538464 0.6610576923076923 0.04807692307692308 0.09134615384615384
1 0.48197115384615385 0.6586538461538461 0.04326923076923077 0.09134615384615384
1 0.5216346153846154 0.6586538461538461 0.04326923076923077 0.0985576923076923
1 0.5612980769230769 0.6538461538461539 0.04567307692307692 0.0889423076923077
1 0.6021634615384616 0.6538461538461539 0.04326923076923077 0.0985576923076923
1 0.640625 0.6502403846153846 0.04326923076923077 0.09375
1 0.6838942307692307 0.6550480769230769 0.04326923076923077 0.09375
1 0.7247596153846154 0.65625 0.04807692307692308 0.09375
0 0.7668269230769231 0.6514423076923077 0.05048076923076923 0.09375
1 0.8076923076923077 0.6502403846153846 0.04807692307692308 0.10096153846153846
1 0.8497596153846154 0.6514423076923077 0.052884615384615384 0.10336538461538461
0 0.8882211538461539 0.6454326923076923 0.04807692307692308 0.10096153846153846
1 0.9302884615384616 0.6418269230769231 0.057692307692307696 0.0985576923076923
0 0.03365384615384615 0.7980769230769231 0.05048076923076923 0.08413461538461539
0 0.06850961538461539 0.8004807692307693 0.06490384615384616 0.09615384615384616
1 0.11658653846153846 0.8004807692307693 0.06490384615384616 0.0985576923076923
0 0.15985576923076922 0.7992788461538461 0.06971153846153846 0.10096153846153846
0 0.20673076923076922 0.7956730769230769 0.0625 0.10576923076923077
0 0.24879807692307693 0.7932692307692307 0.0625 0.0985576923076923
1 0.296875 0.7908653846153846 0.06009615384615385 0.0889423076923077
0 0.34615384615384615 0.7932692307692307 0.06009615384615385 0.0889423076923077
0 0.39302884615384615 0.7980769230769231 0.06009615384615385 0.09375
1 0.43990384615384615 0.7920673076923077 0.057692307692307696 0.09375
0 0.48677884615384615 0.7944711538461539 0.04807692307692308 0.0985576923076923
1 0.53125 0.7956730769230769 0.055288461538461536 0.0985576923076923