0 0.7632211538461539 0.2692307692307692 0.04567307692307692 0.06971153846153846
0 0.7379807692307693 0.27524038461538464 0.04567307692307692 0.07451923076923077
0 0.7103365384615384 0.2776442307692308 0.04326923076923077 0.07451923076923077
0 0.6838942307692307 0.2800480769230769 0.04567307692307692 0.07451923076923077
1 0.65625 0.2860576923076923 0.04326923076923077 0.06971153846153846
1 0.6141826923076923 0.28725961538461536 0.04326923076923077 0.07211538461538461
1 0.5841346153846154 0.29086538461538464 0.036057692307692304 0.0673076923076923
0 0.5588942307692307 0.296875 0.036057692307692304 0.06971153846153846
0 0.5324519230769231 0.296875 0.036057692307692304 0.06971153846153846
1 0.5036057692307693 0.3016826923076923 0.038461538461538464 0.0673076923076923
0 0.47716346153846156 0.30288461538461536 0.03365384615384615 0.06009615384615385
1 0.4495192307692308 0.30649038461538464 0.03365384615384615 0.0625
0 0.41947115384615385 0.30528846153846156 0.03365384615384615 0.06009615384615385
0 0.390625 0.3088942307692308 0.038461538461538464 0.0673076923076923
1 0.359375 0.3125 0.03365384615384615 0.0673076923076923
0 0.3317307692307692 0.31490384615384615 0.036057692307692304 0.06009615384615385
1 0.3004807692307692 0.31850961538461536 0.036057692307692304 0.06009615384615385
1 0.2704326923076923 0.31971153846153844 0.036057692307692304 0.057692307692307696
1 0.23918269230769232 0.3245192307692308 0.038461538461538464 0.0625
0 0.20673076923076922 0.32572115384615385 0.038461538461538464 0.06971153846153846
1 0.1814903846153846 0.328125 0.040865384615384616 0.0625
1 0.14903846153846154 0.33052884615384615 0.04567307692307692 0.06971153846153846
0 0.8173076923076923 0.38341346153846156 0.052884615384615384 0.06971153846153846
0 0.7896634615384616 0.38461538461538464 0.052884615384615384 0.07211538461538461
1 0.7632211538461539 0.390625 0.04807692307692308 0.07211538461538461
0 0.7295673076923077 0.3942307692307692 0.05048076923076923 0.0673076923076923
1 0.6959134615384616 0.40024038461538464 0.04567307692307692 0.06971153846153846
1 0.65625 0.4050480769230769 0.04326923076923077 0.06490384615384616
0 0.6298076923076923 0.40625 0.04567307692307692 0.06971153846153846
1 0.59375 0.4050480769230769 0.04326923076923077 0.0673076923076923
0 0.5649038461538461 0.4110576923076923 0.04326923076923077 0.06490384615384616
0 0.5348557692307693 0.41346153846153844 0.04567307692307692 0.06971153846153846
0 0.5036057692307693 0.41586538461538464 0.040865384615384616 0.06971153846153846
0 0.47596153846153844 0.4206730769230769 0.040865384615384616 0.0673076923076923
0 0.4423076923076923 0.4230769230769231 0.040865384615384616 0.07451923076923077
1 0.4098557692307692 0.42908653846153844 0.038461538461538464 0.0673076923076923
0 0.3786057692307692 0.42908653846153844 0.04326923076923077 0.07211538461538461
0 0.3425480769230769 0.42908653846153844 0.040865384615384616 0.07932692307692307
1 0.3088942307692308 0.4375 0.04326923076923077 0.08173076923076923
0 0.2764423076923077 0.4375 0.04807692307692308 0.08173076923076923
0 0.2439903846153846 0.44471153846153844 0.04326923076923077 0.07692307692307693
0 0.2091346153846154 0.4483173076923077 0.04807692307692308 0.08413461538461539
0 0.17427884615384615 0.4519230769230769 0.04567307692307692 0.07932692307692307
0 0.13942307692307693 0.4567307692307692 0.04567307692307692 0.07451923076923077
1 0.8485576923076923 0.44471153846153844 0.04807692307692308 0.0889423076923077
1 0.8173076923076923 0.45072115384615385 0.057692307692307696 0.09134615384615384
1 0.7884615384615384 0.4495192307692308 0.052884615384615384 0.09375
1 0.7608173076923077 0.46033653846153844 0.052884615384615384 0.0889423076923077
1 0.7271634615384616 0.4639423076923077 0.04807692307692308 0.0889423076923077
1 0.6802884615384616 0.4735576923076923 0.04326923076923077 0.09375
1 0.6466346153846154 0.47475961538461536 0.055288461538461536 0.09375
1 0.6189903846153846 0.4795673076923077 0.05048076923076923 0.08653846153846154
1 0.5829326923076923 0.47836538461538464 0.05048076923076923 0.09375
1 0.5528846153846154 0.4879807692307692 0.040865384615384616 0.08173076923076923
1 0.5180288461538461 0.49158653846153844 0.04326923076923077 0.08413461538461539
1 0.4879807692307692 0.4963942307692308 0.04326923076923077 0.07932692307692307
1 0.4519230769230769 0.49759615384615385 0.036057692307692304 0.07932692307692307
1 0.4206730769230769 0.5024038461538461 0.04326923076923077 0.07932692307692307
1 0.38822115384615385 0.5060096153846154 0.040865384615384616 0.07932692307692307
1 0.35216346153846156 0.5072115384615384 0.04326923076923077 0.07932692307692307
0 0.3173076923076923 0.515625 0.04326923076923077 0.07932692307692307
0 0.28365384615384615 0.5180288461538461 0.04567307692307692 0.07451923076923077
1 0.24879807692307693 0.5228365384615384 0.04326923076923077 0.08173076923076923
1 0.21394230769230768 0.5240384615384616 0.05048076923076923 0.08173076923076923
1 0.1778846153846154 0.53125 0.04567307692307692 0.07692307692307693
1 0.13942307692307693 0.5300480769230769 0.052884615384615384 0.08413461538461539
1 0.9254807692307693 0.5997596153846154 0.057692307692307696 0.09375
1 0.8942307692307693 0.6069711538461539 0.057692307692307696 0.0889423076923077
1 0.8557692307692307 0.6117788461538461 0.057692307692307696 0.0889423076923077
1 0.8221153846153846 0.6129807692307693 0.055288461538461536 0.08653846153846154
1 0.7884615384615384 0.6225961538461539 0.052884615384615384 0.08413461538461539
1 0.734375 0.6262019230769231 0.05048076923076923 0.07932692307692307
1 0.6983173076923077 0.6286057692307693 0.052884615384615384 0.08653846153846154
1 0.6610576923076923 0.6370192307692307 0.0625 0.09615384615384616
1 0.6274038461538461 0.640625 0.055288461538461536 0.0889423076923077
1 0.5925480769230769 0.6502403846153846 0.055288461538461536 0.0889423076923077
1 0.5576923076923077 0.6514423076923077 0.04807692307692308 0.0889423076923077
1 0.5204326923076923 0.6586538461538461 0.05048076923076923 0.09615384615384616
1 0.4831730769230769 0.6598557692307693 0.05048076923076923 0.08653846153846154
1 0.44350961538461536 0.6658653846153846 0.05048076923076923 0.09615384615384616
1 0.40625 0.6670673076923077 0.04807692307692308 0.09134615384615384
1 0.36778846153846156 0.6778846153846154 0.04807692307692308 0.09134615384615384
1 0.3293269230769231 0.6850961538461539 0.055288461538461536 0.09375
0 0.28966346153846156 0.6887019230769231 0.055288461538461536 0.09134615384615384
1 0.25 0.6935096153846154 0.055288461538461536 0.0985576923076923
1 0.21153846153846154 0.7007211538461539 0.057692307692307696 0.10336538461538461
0 0.171875 0.7007211538461539 0.055288461538461536 0.0985576923076923
1 0.13221153846153846 0.7043269230769231 0.0625 0.0985576923076923
1 0.9867788461538461 0.7151442307692307 0.026442307692307692 0.08413461538461539
0 0.9663461538461539 0.7235576923076923 0.0673076923076923 0.09615384615384616
1 0.9242788461538461 0.7307692307692307 0.0673076923076923 0.0985576923076923
1 0.8834134615384616 0.7367788461538461 0.07451923076923077 0.10096153846153846
0 0.8377403846153846 0.7403846153846154 0.06971153846153846 0.10576923076923077
0 0.7980769230769231 0.7451923076923077 0.0673076923076923 0.0985576923076923
1 0.7524038461538461 0.7487980769230769 0.06490384615384616 0.09134615384615384
0 0.7067307692307693 0.7596153846153846 0.06490384615384616 0.09134615384615384
0 0.6646634615384616 0.7716346153846154 0.06490384615384616 0.09615384615384616
1 0.6165865384615384 0.7716346153846154 0.0625 0.09134615384615384
0 0.5745192307692307 0.7800480769230769 0.055288461538461536 0.09615384615384616
1 0.5336538461538461 0.7884615384615384 0.06009615384615385 0.0985576923076923