0 0.19591346153846154 0.3293269230769231 0.04567307692307692 0.06971153846153846
0 0.21995192307692307 0.3269230769230769 0.04567307692307692 0.07211538461538461
0 0.24639423076923078 0.32211538461538464 0.04326923076923077 0.07211538461538461
0 0.27163461538461536 0.3173076923076923 0.04567307692307692 0.07211538461538461
0 0.296875 0.3161057692307692 0.04326923076923077 0.0673076923076923
0 0.33653846153846156 0.30528846153846156 0.04326923076923077 0.06971153846153846
0 0.3641826923076923 0.30288461538461536 0.036057692307692304 0.06490384615384616
0 0.390625 0.29927884615384615 0.036057692307692304 0.0673076923076923
0 0.41466346153846156 0.2932692307692308 0.036057692307692304 0.0673076923076923
0 0.4423076923076923 0.28966346153846156 0.038461538461538464 0.0673076923076923
0 0.4675480769230769 0.28365384615384615 0.03365384615384615 0.057692307692307696
0 0.49278846153846156 0.2800480769230769 0.036057692307692304 0.06009615384615385
0 0.5204326923076923 0.2704326923076923 0.03365384615384615 0.057692307692307696
0 0.5480769230769231 0.2668269230769231 0.038461538461538464 0.06490384615384616
0 0.578125 0.2620192307692308 0.03365384615384615 0.06490384615384616
0 0.6033653846153846 0.25721153846153844 0.036057692307692304 0.06009615384615385
0 0.6334134615384616 0.25240384615384615 0.036057692307692304 0.06009615384615385
0 0.6598557692307693 0.24519230769230768 0.036057692307692304 0.055288461538461536
0 0.6911057692307693 0.24158653846153846 0.040865384615384616 0.06009615384615385
0 0.7211538461538461 0.234375 0.038461538461538464 0.0673076923076923
0 0.7463942307692307 0.22956730769230768 0.038461538461538464 0.06009615384615385
0 0.7764423076923077 0.22235576923076922 0.04567307692307692 0.06971153846153846
0 0.17548076923076922 0.4483173076923077 0.052884615384615384 0.0673076923076923
0 0.19951923076923078 0.4423076923076923 0.05048076923076923 0.06971153846153846
0 0.22716346153846154 0.43990384615384615 0.04807692307692308 0.06971153846153846
0 0.25961538461538464 0.43509615384615385 0.05048076923076923 0.06490384615384616
0 0.29086538461538464 0.4326923076923077 0.04567307692307692 0.0673076923076923
0 0.328125 0.4254807692307692 0.04567307692307692 0.0625
0 0.35336538461538464 0.41947115384615385 0.04567307692307692 0.0673076923076923
0 0.3870192307692308 0.4098557692307692 0.04326923076923077 0.0625
0 0.41466346153846156 0.40625 0.04326923076923077 0.0625
0 0.4423076923076923 0.40024038461538464 0.04567307692307692 0.06971153846153846
0 0.4735576923076923 0.3954326923076923 0.040865384615384616 0.0673076923076923
0 0.5 0.3918269230769231 0.040865384615384616 0.06490384615384616
0 0.5300480769230769 0.3858173076923077 0.040865384615384616 0.07451923076923077
0 0.5612980769230769 0.38221153846153844 0.038461538461538464 0.06490384615384616
0 0.5901442307692307 0.3737980769230769 0.04567307692307692 0.06971153846153846
0 0.625 0.3641826923076923 0.04326923076923077 0.07692307692307693
0 0.6574519230769231 0.3641826923076923 0.04326923076923077 0.07932692307692307
0 0.6862980769230769 0.3545673076923077 0.04807692307692308 0.07932692307692307
0 0.71875 0.35216346153846156 0.04326923076923077 0.07451923076923077
0 0.7512019230769231 0.3473557692307692 0.05048076923076923 0.08173076923076923
0 0.7848557692307693 0.34134615384615385 0.04567307692307692 0.07692307692307693
0 0.8173076923076923 0.33653846153846156 0.04807692307692308 0.07211538461538461
0 0.16346153846153846 0.5132211538461539 0.05048076923076923 0.08653846153846154
0 0.19230769230769232 0.5096153846153846 0.057692307692307696 0.0889423076923077
0 0.21875 0.5024038461538461 0.052884615384615384 0.09134615384615384
0 0.24879807692307693 0.5048076923076923 0.052884615384615384 0.08653846153846154
0 0.27884615384615385 0.49759615384615385 0.05048076923076923 0.08653846153846154
0 0.3233173076923077 0.49399038461538464 0.04326923076923077 0.09134615384615384
0 0.3557692307692308 0.4879807692307692 0.055288461538461536 0.09134615384615384
0 0.38341346153846156 0.484375 0.05048076923076923 0.08413461538461539
0 0.41586538461538464 0.47475961538461536 0.05048076923076923 0.09134615384615384
0 0.44591346153846156 0.47475961538461536 0.04326923076923077 0.07932692307692307
0 0.4795673076923077 0.46875 0.04567307692307692 0.07932692307692307
0 0.5072115384615384 0.4651442307692308 0.04567307692307692 0.07692307692307693
0 0.5420673076923077 0.4567307692307692 0.038461538461538464 0.07451923076923077
0 0.5721153846153846 0.453125 0.04326923076923077 0.07692307692307693
0 0.6021634615384616 0.4483173076923077 0.040865384615384616 0.07692307692307693
0 0.6370192307692307 0.43990384615384615 0.04326923076923077 0.07692307692307693
0 0.6706730769230769 0.4375 0.04326923076923077 0.07692307692307693
0 0.7007211538461539 0.43028846153846156 0.04567307692307692 0.07211538461538461
0 0.7355769230769231 0.4266826923076923 0.04567307692307692 0.07932692307692307
0 0.7680288461538461 0.4182692307692308 0.05048076923076923 0.07932692307692307
0 0.8016826923076923 0.41586538461538464 0.04567307692307692 0.07451923076923077
0 0.8377403846153846 0.40384615384615385 0.055288461538461536 0.08173076923076923
0 0.13341346153846154 0.6754807692307693 0.057692307692307696 0.09134615384615384
0 0.16346153846153846 0.6742788461538461 0.057692307692307696 0.08653846153846154
0 0.19951923076923078 0.6682692307692307 0.057692307692307696 0.08653846153846154
0 0.23076923076923078 0.6622596153846154 0.052884615384615384 0.08413461538461539
0 0.2644230769230769 0.6610576923076923 0.055288461538461536 0.08173076923076923
0 0.31490384615384615 0.6502403846153846 0.05048076923076923 0.07692307692307693
0 0.3485576923076923 0.6430288461538461 0.052884615384615384 0.08413461538461539
0 0.3858173076923077 0.6394230769230769 0.0625 0.09375
0 0.4182692307692308 0.6346153846153846 0.055288461538461536 0.08653846153846154
0 0.453125 0.6322115384615384 0.055288461538461536 0.08653846153846154
0 0.484375 0.6262019230769231 0.04807692307692308 0.08653846153846154
0 0.5204326923076923 0.6237980769230769 0.05048076923076923 0.09375
0 0.5540865384615384 0.6141826923076923 0.05048076923076923 0.08413461538461539
0 0.5925480769230769 0.609375 0.05048076923076923 0.09134615384615384
0 0.6286057692307693 0.6009615384615384 0.04807692307692308 0.08653846153846154
0 0.6670673076923077 0.6009615384615384 0.05048076923076923 0.08653846153846154
0 0.7055288461538461 0.5973557692307693 0.055288461538461536 0.09134615384615384
0 0.7415865384615384 0.5889423076923077 0.055288461538461536 0.0889423076923077
0 0.7800480769230769 0.5829326923076923 0.055288461538461536 0.09615384615384616
0 0.8173076923076923 0.5805288461538461 0.06009615384615385 0.0985576923076923
0 0.8521634615384616 0.5697115384615384 0.055288461538461536 0.09615384615384616
0 0.8894230769230769 0.5625 0.0625 0.09615384615384616
0 0.0889423076923077 0.8040865384615384 0.06490384615384616 0.08413461538461539
0 0.12620192307692307 0.8016826923076923 0.06971153846153846 0.09375
0 0.16826923076923078 0.796875 0.0673076923076923 0.09615384615384616
1 0.20793269230769232 0.7908653846153846 0.07451923076923077 0.0985576923076923
0 0.25 0.78125 0.06971153846153846 0.10336538461538461
0 0.28846153846153844 0.7752403846153846 0.0673076923076923 0.09615384615384616
0 0.3317307692307692 0.7680288461538461 0.06490384615384616 0.0889423076923077
0 0.3762019230769231 0.765625 0.06490384615384616 0.0889423076923077
0 0.41947115384615385 0.7644230769230769 0.06490384615384616 0.09375
0 0.46274038461538464 0.7536057692307693 0.0625 0.0889423076923077
0 0.5048076923076923 0.75 0.055288461538461536 0.09375
0 0.5444711538461539 0.7475961538461539 0.06009615384615385 0.09615384615384616