0 0.18509615384615385 0.25600961538461536 0.05048076923076923 0.07451923076923077
0 0.2127403846153846 0.2548076923076923 0.05048076923076923 0.07932692307692307
0 0.24278846153846154 0.25 0.04807692307692308 0.07932692307692307
0 0.26802884615384615 0.24519230769230768 0.05048076923076923 0.07932692307692307
1 0.296875 0.24278846153846154 0.04807692307692308 0.07451923076923077
1 0.3401442307692308 0.23197115384615385 0.04567307692307692 0.07451923076923077
0 0.3713942307692308 0.22716346153846154 0.040865384615384616 0.06971153846153846
0 0.39903846153846156 0.2247596153846154 0.038461538461538464 0.07451923076923077
0 0.4266826923076923 0.21875 0.040865384615384616 0.07451923076923077
1 0.45552884615384615 0.21514423076923078 0.040865384615384616 0.07211538461538461
0 0.4831730769230769 0.20793269230769232 0.036057692307692304 0.0625
1 0.5120192307692307 0.203125 0.038461538461538464 0.0673076923076923
0 0.5408653846153846 0.19230769230769232 0.036057692307692304 0.0625
0 0.5721153846153846 0.18870192307692307 0.04326923076923077 0.06971153846153846
0 0.6045673076923077 0.18389423076923078 0.038461538461538464 0.06971153846153846
0 0.6334134615384616 0.1778846153846154 0.038461538461538464 0.06490384615384616
1 0.6646634615384616 0.17307692307692307 0.038461538461538464 0.06490384615384616
1 0.6947115384615384 0.16466346153846154 0.038461538461538464 0.0625
1 0.7283653846153846 0.1622596153846154 0.04326923076923077 0.06490384615384616
0 0.7608173076923077 0.15384615384615385 0.040865384615384616 0.07451923076923077
0 0.7884615384615384 0.14903846153846154 0.04326923076923077 0.06490384615384616
1 0.8209134615384616 0.13942307692307693 0.05048076923076923 0.07451923076923077
0 0.16466346153846154 0.3870192307692308 0.057692307692307696 0.07211538461538461
0 0.19110576923076922 0.38100961538461536 0.055288461538461536 0.07692307692307693
1 0.22115384615384615 0.3786057692307692 0.052884615384615384 0.07692307692307693
0 0.25600961538461536 0.37259615384615385 0.052884615384615384 0.07211538461538461
1 0.29086538461538464 0.36899038461538464 0.05048076923076923 0.07211538461538461
1 0.3317307692307692 0.36177884615384615 0.04807692307692308 0.06971153846153846
0 0.359375 0.35697115384615385 0.04807692307692308 0.07211538461538461
1 0.39663461538461536 0.3449519230769231 0.04807692307692308 0.06971153846153846
0 0.4254807692307692 0.3425480769230769 0.04567307692307692 0.06971153846153846
0 0.4567307692307692 0.33533653846153844 0.04807692307692308 0.07451923076923077
0 0.49038461538461536 0.33052884615384615 0.04567307692307692 0.07211538461538461
0 0.5180288461538461 0.32572115384615385 0.04567307692307692 0.06971153846153846
0 0.5528846153846154 0.31850961538461536 0.04326923076923077 0.07932692307692307
1 0.5865384615384616 0.31490384615384615 0.04326923076923077 0.06971153846153846
0 0.6189903846153846 0.30649038461538464 0.04807692307692308 0.07692307692307693
0 0.6550480769230769 0.2956730769230769 0.04567307692307692 0.08413461538461539
0 0.6899038461538461 0.2956730769230769 0.04807692307692308 0.08653846153846154
0 0.7235576923076923 0.2860576923076923 0.052884615384615384 0.08653846153846154
0 0.7584134615384616 0.2824519230769231 0.04807692307692308 0.08173076923076923
0 0.7944711538461539 0.2764423076923077 0.055288461538461536 0.0889423076923077
0 0.8305288461538461 0.2704326923076923 0.04807692307692308 0.08413461538461539
0 0.8665865384615384 0.265625 0.052884615384615384 0.07932692307692307
1 0.15144230769230768 0.4579326923076923 0.055288461538461536 0.09375
1 0.18269230769230768 0.45552884615384615 0.0625 0.09615384615384616
1 0.2127403846153846 0.44591346153846156 0.057692307692307696 0.0985576923076923
1 0.2439903846153846 0.4495192307692308 0.057692307692307696 0.09375
1 0.2776442307692308 0.4411057692307692 0.055288461538461536 0.09375
1 0.3269230769230769 0.4375 0.04807692307692308 0.0985576923076923
1 0.3605769230769231 0.42908653846153844 0.06009615384615385 0.0985576923076923
1 0.3918269230769231 0.4266826923076923 0.055288461538461536 0.09134615384615384
1 0.4266826923076923 0.4170673076923077 0.055288461538461536 0.0985576923076923
1 0.46033653846153844 0.41586538461538464 0.04567307692307692 0.08653846153846154
1 0.4963942307692308 0.4110576923076923 0.04807692307692308 0.08653846153846154
1 0.5276442307692307 0.4050480769230769 0.04807692307692308 0.08173076923076923
1 0.5637019230769231 0.39783653846153844 0.040865384615384616 0.08173076923076923
1 0.5973557692307693 0.39302884615384615 0.04807692307692308 0.08173076923076923
1 0.6322115384615384 0.3870192307692308 0.04567307692307692 0.08413461538461539
1 0.6682692307692307 0.3786057692307692 0.04807692307692308 0.08413461538461539
1 0.7055288461538461 0.3762019230769231 0.04567307692307692 0.08173076923076923
0 0.7391826923076923 0.36778846153846156 0.05048076923076923 0.07932692307692307
1 0.7776442307692307 0.3629807692307692 0.04807692307692308 0.08653846153846154
1 0.8125 0.3545673076923077 0.055288461538461536 0.08653846153846154
1 0.8497596153846154 0.35216346153846156 0.05048076923076923 0.08173076923076923
1 0.8882211538461539 0.3389423076923077 0.06009615384615385 0.0889423076923077
1 0.11778846153846154 0.6358173076923077 0.06490384615384616 0.0985576923076923
1 0.15144230769230768 0.6334134615384616 0.0625 0.09375
1 0.19110576923076922 0.6286057692307693 0.0625 0.09375
1 0.2247596153846154 0.6201923076923077 0.057692307692307696 0.09375
1 0.2608173076923077 0.6201923076923077 0.06009615384615385 0.0889423076923077
1 0.3161057692307692 0.6081730769230769 0.055288461538461536 0.08413461538461539
1 0.35336538461538464 0.5997596153846154 0.057692307692307696 0.09375
1 0.3942307692307692 0.5973557692307693 0.0673076923076923 0.10096153846153846
1 0.42908653846153844 0.5913461538461539 0.057692307692307696 0.09375
1 0.46634615384615385 0.5889423076923077 0.06009615384615385 0.09615384615384616
1 0.5024038461538461 0.5829326923076923 0.052884615384615384 0.09375
0 0.5420673076923077 0.578125 0.055288461538461536 0.10336538461538461
1 0.5793269230769231 0.5685096153846154 0.055288461538461536 0.09134615384615384
1 0.6213942307692307 0.5637019230769231 0.055288461538461536 0.10096153846153846
1 0.6598557692307693 0.5552884615384616 0.052884615384615384 0.09615384615384616
1 0.7019230769230769 0.5540865384615384 0.055288461538461536 0.09615384615384616
1 0.7427884615384616 0.5504807692307693 0.06009615384615385 0.0985576923076923
1 0.7836538461538461 0.5408653846153846 0.06009615384615385 0.0985576923076923
1 0.8245192307692307 0.5348557692307693 0.06009615384615385 0.10336538461538461
1 0.8653846153846154 0.53125 0.06490384615384616 0.10817307692307693
0 0.9050480769230769 0.5204326923076923 0.06009615384615385 0.10336538461538461
1 0.9459134615384616 0.5108173076923077 0.06971153846153846 0.10576923076923077
1 0.07091346153846154 0.7764423076923077 0.07211538461538461 0.09134615384615384
0 0.11057692307692307 0.7740384615384616 0.07451923076923077 0.10336538461538461
1 0.15625 0.7680288461538461 0.07451923076923077 0.10336538461538461
1 0.19951923076923078 0.7620192307692307 0.08173076923076923 0.10817307692307693
0 0.24519230769230768 0.7524038461538461 0.07451923076923077 0.11057692307692307
0 0.28725961538461536 0.7451923076923077 0.07451923076923077 0.10576923076923077
1 0.33533653846153844 0.7367788461538461 0.06971153846153846 0.09615384615384616
0 0.38461538461538464 0.7331730769230769 0.06971153846153846 0.09615384615384616
0 0.43149038461538464 0.7319711538461539 0.07211538461538461 0.10096153846153846
1 0.47716346153846156 0.7199519230769231 0.06971153846153846 0.0985576923076923
1 0.5228365384615384 0.7163461538461539 0.06009615384615385 0.10096153846153846
1 0.5673076923076923 0.7127403846153846 0.0673076923076923 0.10336538461538461