0 0.2848557692307692 0.23317307692307693 0.05048076923076923 0.06971153846153846
0 0.3088942307692308 0.24158653846153846 0.05048076923076923 0.07451923076923077
0 0.33533653846153844 0.24759615384615385 0.04807692307692308 0.07211538461538461
0 0.359375 0.2512019230769231 0.05048076923076923 0.07451923076923077
0 0.38461538461538464 0.25841346153846156 0.04807692307692308 0.06971153846153846
0 0.42427884615384615 0.265625 0.04807692307692308 0.06971153846153846
0 0.4519230769230769 0.27163461538461536 0.040865384615384616 0.06490384615384616
0 0.47716346153846156 0.2800480769230769 0.040865384615384616 0.06971153846153846
0 0.5024038461538461 0.28365384615384615 0.040865384615384616 0.06971153846153846
0 0.5276442307692307 0.29086538461538464 0.040865384615384616 0.0673076923076923
0 0.5528846153846154 0.2932692307692308 0.036057692307692304 0.06009615384615385
0 0.578125 0.29927884615384615 0.038461538461538464 0.0625
0 0.6069711538461539 0.3016826923076923 0.036057692307692304 0.057692307692307696
0 0.6346153846153846 0.3076923076923077 0.040865384615384616 0.06490384615384616
0 0.6634615384615384 0.31490384615384615 0.038461538461538464 0.06490384615384616
0 0.6899038461538461 0.31971153846153844 0.038461538461538464 0.06009615384615385
0 0.7175480769230769 0.32572115384615385 0.038461538461538464 0.06009615384615385
0 0.7463942307692307 0.33052884615384615 0.038461538461538464 0.057692307692307696
0 0.7764423076923077 0.3389423076923077 0.04326923076923077 0.0625
0 0.8052884615384616 0.3425480769230769 0.04326923076923077 0.06971153846153846
0 0.8305288461538461 0.3485576923076923 0.04326923076923077 0.06009615384615385
0 0.8605769230769231 0.35096153846153844 0.05048076923076923 0.06971153846153846
0 0.22235576923076922 0.33533653846153844 0.055288461538461536 0.0673076923076923
0 0.24759615384615385 0.3401442307692308 0.055288461538461536 0.07211538461538461
0 0.27403846153846156 0.3473557692307692 0.052884615384615384 0.07211538461538461
0 0.30528846153846156 0.3545673076923077 0.052884615384615384 0.0673076923076923
0 0.33533653846153844 0.3641826923076923 0.05048076923076923 0.0673076923076923
0 0.37259615384615385 0.3713942307692308 0.04807692307692308 0.06490384615384616
0 0.39783653846153844 0.3762019230769231 0.04807692307692308 0.0673076923076923
0 0.4326923076923077 0.3798076923076923 0.04567307692307692 0.06490384615384616
0 0.4579326923076923 0.3870192307692308 0.04567307692307692 0.06490384615384616
0 0.48677884615384615 0.3918269230769231 0.05048076923076923 0.06971153846153846
0 0.5168269230769231 0.39903846153846156 0.04567307692307692 0.0673076923076923
0 0.5432692307692307 0.4050480769230769 0.04326923076923077 0.06490384615384616
0 0.5733173076923077 0.4110576923076923 0.04567307692307692 0.07451923076923077
0 0.6033653846153846 0.41947115384615385 0.04326923076923077 0.06490384615384616
0 0.6334134615384616 0.421875 0.04807692307692308 0.07211538461538461
0 0.6682692307692307 0.4266826923076923 0.04807692307692308 0.07932692307692307
0 0.6983173076923077 0.4387019230769231 0.04807692307692308 0.07932692307692307
0 0.7295673076923077 0.4411057692307692 0.052884615384615384 0.08173076923076923
0 0.7596153846153846 0.4495192307692308 0.04807692307692308 0.07451923076923077
0 0.7920673076923077 0.4579326923076923 0.055288461538461536 0.08173076923076923
0 0.8245192307692307 0.4651442307692308 0.04807692307692308 0.07692307692307693
0 0.8569711538461539 0.4723557692307692 0.05048076923076923 0.07451923076923077
0 0.1875 0.390625 0.055288461538461536 0.08653846153846154
0 0.21634615384615385 0.40024038461538464 0.0625 0.0889423076923077
0 0.2439903846153846 0.4014423076923077 0.057692307692307696 0.09134615384615384
0 0.2692307692307692 0.41586538461538464 0.057692307692307696 0.08653846153846154
0 0.3004807692307692 0.4206730769230769 0.055288461538461536 0.0889423076923077
0 0.3425480769230769 0.4338942307692308 0.05048076923076923 0.09134615384615384
0 0.375 0.4387019230769231 0.06009615384615385 0.09134615384615384
0 0.4014423076923077 0.44591346153846156 0.055288461538461536 0.08413461538461539
0 0.43509615384615385 0.45072115384615385 0.055288461538461536 0.09134615384615384
0 0.46274038461538464 0.46033653846153844 0.04807692307692308 0.08173076923076923
0 0.4951923076923077 0.4675480769230769 0.05048076923076923 0.08173076923076923
0 0.5228365384615384 0.47596153846153844 0.04807692307692308 0.07692307692307693
0 0.5576923076923077 0.4807692307692308 0.040865384615384616 0.07692307692307693
0 0.5865384615384616 0.4891826923076923 0.04807692307692308 0.07692307692307693
0 0.6165865384615384 0.4951923076923077 0.04567307692307692 0.07692307692307693
0 0.6502403846153846 0.5 0.04807692307692308 0.07932692307692307
0 0.6826923076923077 0.5108173076923077 0.04567307692307692 0.07692307692307693
0 0.7151442307692307 0.5168269230769231 0.05048076923076923 0.07451923076923077
0 0.7487980769230769 0.5252403846153846 0.05048076923076923 0.07932692307692307
0 0.78125 0.5288461538461539 0.055288461538461536 0.08173076923076923
0 0.8125 0.5396634615384616 0.05048076923076923 0.07451923076923077
0 0.8509615384615384 0.5420673076923077 0.057692307692307696 0.08413461538461539
0 0.09975961538461539 0.5300480769230769 0.0625 0.09134615384615384
0 0.12860576923076922 0.5396634615384616 0.0625 0.08653846153846154
0 0.1622596153846154 0.5480769230769231 0.0625 0.0889423076923077
0 0.19471153846153846 0.5528846153846154 0.057692307692307696 0.08653846153846154
0 0.22596153846153846 0.5661057692307693 0.057692307692307696 0.08413461538461539
0 0.27524038461538464 0.5745192307692307 0.055288461538461536 0.07932692307692307
0 0.31009615384615385 0.5793269230769231 0.057692307692307696 0.08413461538461539
0 0.34615384615384615 0.5913461538461539 0.0673076923076923 0.09375
0 0.37740384615384615 0.5985576923076923 0.06009615384615385 0.0889423076923077
0 0.4098557692307692 0.609375 0.06009615384615385 0.0889423076923077
0 0.4411057692307692 0.6153846153846154 0.052884615384615384 0.0889423076923077
0 0.47596153846153844 0.6262019230769231 0.055288461538461536 0.09615384615384616
0 0.5120192307692307 0.6310096153846154 0.055288461538461536 0.08413461538461539
0 0.5480769230769231 0.640625 0.055288461538461536 0.09134615384615384
0 0.5829326923076923 0.6466346153846154 0.052884615384615384 0.0889423076923077
0 0.6189903846153846 0.6610576923076923 0.055288461538461536 0.0889423076923077
0 0.6550480769230769 0.671875 0.06009615384615385 0.09134615384615384
0 0.6923076923076923 0.6778846153846154 0.06009615384615385 0.09134615384615384
0 0.7295673076923077 0.6862980769230769 0.06009615384615385 0.09615384615384616
0 0.765625 0.6971153846153846 0.06490384615384616 0.10096153846153846
0 0.8016826923076923 0.7007211538461539 0.06009615384615385 0.09615384615384616
0 0.8389423076923077 0.7079326923076923 0.0673076923076923 0.0985576923076923
0 0.02283653846153846 0.6322115384615384 0.04567307692307692 0.08653846153846154
0 0.04567307692307692 0.6442307692307693 0.07451923076923077 0.09615384615384616
1 0.08653846153846154 0.6550480769230769 0.07451923076923077 0.09615384615384616
1 0.125 0.6634615384615384 0.07932692307692307 0.10096153846153846
0 0.16706730769230768 0.671875 0.07451923076923077 0.10336538461538461
0 0.20432692307692307 0.6802884615384616 0.07211538461538461 0.0985576923076923
0 0.24759615384615385 0.6887019230769231 0.06971153846153846 0.09134615384615384
0 0.28966346153846156 0.703125 0.06971153846153846 0.09134615384615384
0 0.3293269230769231 0.71875 0.06971153846153846 0.09375
0 0.37259615384615385 0.7235576923076923 0.0673076923076923 0.09134615384615384
0 0.41346153846153844 0.7367788461538461 0.06009615384615385 0.09375
0 0.4519230769230769 0.7487980769230769 0.06490384615384616 0.09615384615384616