0 0.7872596153846154 0.30649038461538464 0.038461538461538464 0.0673076923076923
0 0.7608173076923077 0.3088942307692308 0.038461538461538464 0.07211538461538461
0 0.7331730769230769 0.3076923076923077 0.038461538461538464 0.07211538461538461
0 0.7067307692307693 0.30649038461538464 0.040865384615384616 0.07211538461538461
0 0.6802884615384616 0.3076923076923077 0.036057692307692304 0.0673076923076923
0 0.6370192307692307 0.30288461538461536 0.036057692307692304 0.0673076923076923
0 0.6081730769230769 0.30408653846153844 0.028846153846153848 0.06490384615384616
0 0.5805288461538461 0.30528846153846156 0.028846153846153848 0.0673076923076923
0 0.5540865384615384 0.3016826923076923 0.028846153846153848 0.0673076923076923
0 0.5264423076923077 0.30288461538461536 0.03125 0.06490384615384616
0 0.5 0.3004807692307692 0.026442307692307692 0.057692307692307696
0 0.47115384615384615 0.3004807692307692 0.028846153846153848 0.06009615384615385
0 0.4411057692307692 0.2932692307692308 0.026442307692307692 0.057692307692307696
0 0.41225961538461536 0.29447115384615385 0.03125 0.06490384615384616
0 0.38100961538461536 0.2932692307692308 0.026442307692307692 0.06490384615384616
0 0.35336538461538464 0.2920673076923077 0.028846153846153848 0.057692307692307696
0 0.32211538461538464 0.29086538461538464 0.028846153846153848 0.057692307692307696
0 0.2920673076923077 0.28725961538461536 0.028846153846153848 0.055288461538461536
0 0.2608173076923077 0.28966346153846156 0.03365384615384615 0.06009615384615385
0 0.22956730769230768 0.2848557692307692 0.03125 0.0673076923076923
0 0.20192307692307693 0.2848557692307692 0.03365384615384615 0.057692307692307696
0 0.17067307692307693 0.28125 0.038461538461538464 0.0673076923076923
0 0.8245192307692307 0.4266826923076923 0.04567307692307692 0.06490384615384616
0 0.7980769230769231 0.42427884615384615 0.04567307692307692 0.0673076923076923
0 0.7692307692307693 0.4266826923076923 0.040865384615384616 0.0673076923076923
0 0.7355769230769231 0.4254807692307692 0.04326923076923077 0.0625
0 0.7019230769230769 0.4266826923076923 0.038461538461538464 0.06490384615384616
0 0.6622596153846154 0.4254807692307692 0.038461538461538464 0.06009615384615385
0 0.6358173076923077 0.42427884615384615 0.038461538461538464 0.06490384615384616
0 0.5997596153846154 0.4170673076923077 0.036057692307692304 0.0625
0 0.5709134615384616 0.41947115384615385 0.036057692307692304 0.06009615384615385
0 0.5408653846153846 0.4182692307692308 0.038461538461538464 0.0673076923076923
0 0.5084134615384616 0.41586538461538464 0.03365384615384615 0.06490384615384616
0 0.4807692307692308 0.4170673076923077 0.03365384615384615 0.06490384615384616
0 0.44711538461538464 0.41346153846153844 0.03365384615384615 0.07211538461538461
0 0.41466346153846156 0.41586538461538464 0.03125 0.06490384615384616
0 0.38341346153846156 0.4110576923076923 0.036057692307692304 0.0673076923076923
0 0.3473557692307692 0.40625 0.03365384615384615 0.07692307692307693
0 0.3137019230769231 0.4098557692307692 0.036057692307692304 0.07932692307692307
0 0.28125 0.40625 0.040865384615384616 0.07932692307692307
0 0.24759615384615385 0.40625 0.036057692307692304 0.07451923076923077
0 0.21394230769230768 0.40625 0.040865384615384616 0.07932692307692307
0 0.1778846153846154 0.4050480769230769 0.038461538461538464 0.07692307692307693
0 0.14302884615384615 0.4050480769230769 0.040865384615384616 0.07211538461538461
0 0.8461538461538461 0.49158653846153844 0.040865384615384616 0.08413461538461539
0 0.8161057692307693 0.49399038461538464 0.04807692307692308 0.08653846153846154
0 0.7860576923076923 0.4891826923076923 0.04326923076923077 0.0889423076923077
0 0.7572115384615384 0.4963942307692308 0.04567307692307692 0.08413461538461539
0 0.7247596153846154 0.49278846153846156 0.040865384615384616 0.08653846153846154
0 0.6766826923076923 0.4963942307692308 0.03365384615384615 0.09134615384615384
0 0.6430288461538461 0.49399038461538464 0.04567307692307692 0.0889423076923077
0 0.6141826923076923 0.4951923076923077 0.040865384615384616 0.08413461538461539
0 0.5793269230769231 0.4891826923076923 0.040865384615384616 0.0889423076923077
0 0.5480769230769231 0.49399038461538464 0.03365384615384615 0.07932692307692307
0 0.5132211538461539 0.49278846153846156 0.036057692307692304 0.07932692307692307
0 0.4831730769230769 0.49278846153846156 0.036057692307692304 0.07692307692307693
0 0.44711538461538464 0.4891826923076923 0.028846153846153848 0.07692307692307693
0 0.41466346153846156 0.49038461538461536 0.036057692307692304 0.07692307692307693
0 0.38221153846153844 0.4891826923076923 0.03365384615384615 0.07692307692307693
0 0.34615384615384615 0.4855769230769231 0.036057692307692304 0.07692307692307693
0 0.3112980769230769 0.4879807692307692 0.036057692307692304 0.07692307692307693
0 0.2776442307692308 0.4855769230769231 0.040865384615384616 0.07211538461538461
0 0.24158653846153846 0.4855769230769231 0.036057692307692304 0.07932692307692307
0 0.20673076923076922 0.4831730769230769 0.04326923076923077 0.07932692307692307
0 0.17067307692307693 0.484375 0.038461538461538464 0.07211538461538461
0 0.13221153846153846 0.47836538461538464 0.04567307692307692 0.07932692307692307
0 0.9014423076923077 0.65625 0.05048076923076923 0.0889423076923077
0 0.8701923076923077 0.6574519230769231 0.05048076923076923 0.08413461538461539
0 0.8317307692307693 0.6586538461538461 0.04807692307692308 0.08413461538461539
0 0.7980769230769231 0.6550480769230769 0.04567307692307692 0.08413461538461539
0 0.7632211538461539 0.6610576923076923 0.04567307692307692 0.07932692307692307
0 0.7103365384615384 0.65625 0.04326923076923077 0.07692307692307693
0 0.6730769230769231 0.6538461538461539 0.04567307692307692 0.08413461538461539
0 0.6358173076923077 0.65625 0.052884615384615384 0.09134615384615384
0 0.6009615384615384 0.6550480769230769 0.04567307692307692 0.08413461538461539
0 0.5649038461538461 0.6586538461538461 0.04567307692307692 0.08653846153846154
0 0.53125 0.65625 0.040865384615384616 0.08653846153846154
0 0.49278846153846156 0.6586538461538461 0.040865384615384616 0.09375
0 0.4567307692307692 0.6538461538461539 0.040865384615384616 0.08413461538461539
0 0.41586538461538464 0.6550480769230769 0.040865384615384616 0.09134615384615384
0 0.3786057692307692 0.6514423076923077 0.040865384615384616 0.08653846153846154
0 0.3389423076923077 0.6574519230769231 0.040865384615384616 0.08653846153846154
0 0.29927884615384615 0.6586538461538461 0.04567307692307692 0.0889423076923077
0 0.25961538461538464 0.65625 0.04567307692307692 0.08653846153846154
0 0.21995192307692307 0.6550480769230769 0.04567307692307692 0.09615384615384616
0 0.18028846153846154 0.65625 0.04807692307692308 0.0985576923076923
0 0.14182692307692307 0.6514423076923077 0.04567307692307692 0.09615384615384616
0 0.10216346153846154 0.6478365384615384 0.052884615384615384 0.09375
0 0.9651442307692307 0.7824519230769231 0.057692307692307696 0.07932692307692307
0 0.9266826923076923 0.7848557692307693 0.06009615384615385 0.09134615384615384
0 0.8822115384615384 0.7872596153846154 0.06009615384615385 0.09134615384615384
1 0.8413461538461539 0.7860576923076923 0.06490384615384616 0.09615384615384616
0 0.7956730769230769 0.7824519230769231 0.06009615384615385 0.0985576923076923
0 0.7560096153846154 0.7824519230769231 0.057692307692307696 0.09375
0 0.7091346153846154 0.7800480769230769 0.057692307692307696 0.08413461538461539
0 0.6622596153846154 0.7836538461538461 0.057692307692307696 0.08413461538461539
0 0.6189903846153846 0.7896634615384616 0.057692307692307696 0.0889423076923077
0 0.5733173076923077 0.7836538461538461 0.052884615384615384 0.08653846153846154
0 0.5288461538461539 0.7860576923076923 0.04567307692307692 0.09134615384615384
0 0.48677884615384615 0.7896634615384616 0.05048076923076923 0.09375