0 0.78125 0.26802884615384615 0.04326923076923077 0.06971153846153846
0 0.7548076923076923 0.27283653846153844 0.04326923076923077 0.07451923076923077
0 0.7271634615384616 0.27524038461538464 0.04326923076923077 0.07451923076923077
0 0.7007211538461539 0.27524038461538464 0.04567307692307692 0.07451923076923077
0 0.6754807692307693 0.2800480769230769 0.040865384615384616 0.06971153846153846
0 0.6310096153846154 0.2800480769230769 0.040865384615384616 0.07211538461538461
0 0.6021634615384616 0.28365384615384615 0.03365384615384615 0.06490384615384616
0 0.5745192307692307 0.28846153846153844 0.03365384615384615 0.06971153846153846
0 0.5480769230769231 0.28725961538461536 0.03365384615384615 0.06971153846153846
1 0.5204326923076923 0.29086538461538464 0.036057692307692304 0.0673076923076923
0 0.49399038461538464 0.2920673076923077 0.03125 0.06009615384615385
1 0.4651442307692308 0.29447115384615385 0.03365384615384615 0.0625
0 0.43509615384615385 0.29086538461538464 0.03125 0.057692307692307696
0 0.40625 0.29447115384615385 0.036057692307692304 0.0673076923076923
0 0.375 0.296875 0.03125 0.06490384615384616
0 0.34615384615384615 0.29927884615384615 0.03365384615384615 0.06009615384615385
1 0.3161057692307692 0.3016826923076923 0.03365384615384615 0.06009615384615385
1 0.2860576923076923 0.3004807692307692 0.03365384615384615 0.057692307692307696
1 0.2536057692307692 0.30528846153846156 0.038461538461538464 0.0625
0 0.22235576923076922 0.30528846153846156 0.036057692307692304 0.06971153846153846
0 0.19471153846153846 0.3076923076923077 0.038461538461538464 0.06009615384615385
1 0.1622596153846154 0.30649038461538464 0.04326923076923077 0.06971153846153846
0 0.8329326923076923 0.38461538461538464 0.05048076923076923 0.0673076923076923
0 0.8052884615384616 0.3858173076923077 0.05048076923076923 0.07211538461538461
1 0.7764423076923077 0.3894230769230769 0.04567307692307692 0.07211538461538461
0 0.7427884615384616 0.3918269230769231 0.04807692307692308 0.06490384615384616
0 0.7091346153846154 0.39663461538461536 0.04567307692307692 0.0673076923076923
1 0.6694711538461539 0.39903846153846156 0.04326923076923077 0.06490384615384616
1 0.6430288461538461 0.40024038461538464 0.04326923076923077 0.0673076923076923
1 0.6057692307692307 0.39783653846153844 0.040865384615384616 0.06490384615384616
0 0.578125 0.4026442307692308 0.040865384615384616 0.06490384615384616
0 0.546875 0.40384615384615385 0.04326923076923077 0.06971153846153846
0 0.5144230769230769 0.40625 0.038461538461538464 0.0673076923076923
0 0.48677884615384615 0.4098557692307692 0.038461538461538464 0.0673076923076923
0 0.453125 0.4110576923076923 0.038461538461538464 0.07451923076923077
1 0.421875 0.41466346153846156 0.036057692307692304 0.0673076923076923
0 0.3894230769230769 0.41466346153846156 0.04326923076923077 0.07211538461538461
0 0.35336538461538464 0.41225961538461536 0.038461538461538464 0.07932692307692307
0 0.31971153846153844 0.421875 0.040865384615384616 0.08173076923076923
0 0.28725961538461536 0.41947115384615385 0.04567307692307692 0.08173076923076923
0 0.2536057692307692 0.4254807692307692 0.040865384615384616 0.07692307692307693
0 0.21995192307692307 0.42788461538461536 0.04567307692307692 0.08413461538461539
0 0.18389423076923078 0.43028846153846156 0.04326923076923077 0.07932692307692307
0 0.14903846153846154 0.4338942307692308 0.04567307692307692 0.07451923076923077
0 0.8605769230769231 0.44711538461538464 0.04567307692307692 0.08653846153846154
0 0.8305288461538461 0.4519230769230769 0.055288461538461536 0.09134615384615384
1 0.8004807692307693 0.4495192307692308 0.05048076923076923 0.09134615384615384
1 0.7716346153846154 0.46033653846153844 0.05048076923076923 0.08653846153846154
1 0.7391826923076923 0.46153846153846156 0.04807692307692308 0.0889423076923077
1 0.6911057692307693 0.46875 0.040865384615384616 0.09375
0 0.6574519230769231 0.46875 0.052884615384615384 0.09134615384615384
1 0.6298076923076923 0.47475961538461536 0.04567307692307692 0.08653846153846154
1 0.59375 0.4723557692307692 0.04807692307692308 0.09134615384615384
1 0.5637019230769231 0.4795673076923077 0.038461538461538464 0.08413461538461539
1 0.5276442307692307 0.4831730769230769 0.040865384615384616 0.08413461538461539
1 0.49759615384615385 0.4855769230769231 0.040865384615384616 0.07932692307692307
1 0.46153846153846156 0.48677884615384615 0.036057692307692304 0.07692307692307693
0 0.42908653846153844 0.49038461538461536 0.040865384615384616 0.07932692307692307
1 0.3954326923076923 0.49278846153846156 0.038461538461538464 0.07932692307692307
1 0.3605769230769231 0.49278846153846156 0.040865384615384616 0.07932692307692307
1 0.3245192307692308 0.5 0.040865384615384616 0.07932692307692307
0 0.29086538461538464 0.5 0.04567307692307692 0.07451923076923077
1 0.25600961538461536 0.5048076923076923 0.040865384615384616 0.08173076923076923
0 0.21995192307692307 0.5036057692307693 0.04807692307692308 0.08173076923076923
1 0.18509615384615385 0.5108173076923077 0.04326923076923077 0.07451923076923077
0 0.14543269230769232 0.5072115384615384 0.05048076923076923 0.08413461538461539
0 0.9326923076923077 0.6057692307692307 0.055288461538461536 0.09375
1 0.9002403846153846 0.6105769230769231 0.055288461538461536 0.08653846153846154
0 0.8641826923076923 0.6153846153846154 0.055288461538461536 0.0889423076923077
1 0.8293269230769231 0.6153846153846154 0.05048076923076923 0.08653846153846154
1 0.7956730769230769 0.625 0.05048076923076923 0.08413461538461539
1 0.7415865384615384 0.6262019230769231 0.04807692307692308 0.07932692307692307
1 0.7043269230769231 0.6274038461538461 0.05048076923076923 0.08653846153846154
0 0.6658653846153846 0.6334134615384616 0.06009615384615385 0.09375
1 0.6310096153846154 0.6370192307692307 0.05048076923076923 0.08653846153846154
1 0.5973557692307693 0.6430288461538461 0.052884615384615384 0.0889423076923077
0 0.5625 0.6454326923076923 0.04567307692307692 0.0889423076923077
1 0.5240384615384616 0.6514423076923077 0.04807692307692308 0.09615384615384616
1 0.4879807692307692 0.6490384615384616 0.04567307692307692 0.08653846153846154
1 0.44711538461538464 0.6550480769230769 0.04567307692307692 0.09615384615384616
1 0.4098557692307692 0.65625 0.04567307692307692 0.09134615384615384
1 0.3701923076923077 0.6658653846153846 0.04807692307692308 0.09134615384615384
1 0.33052884615384615 0.671875 0.052884615384615384 0.09134615384615384
0 0.29086538461538464 0.6730769230769231 0.052884615384615384 0.09134615384615384
0 0.2512019230769231 0.6754807692307693 0.05048076923076923 0.0985576923076923
1 0.21153846153846154 0.6814903846153846 0.055288461538461536 0.10096153846153846
0 0.17307692307692307 0.6802884615384616 0.052884615384615384 0.0985576923076923
1 0.13221153846153846 0.6814903846153846 0.06009615384615385 0.0985576923076923
1 0.9891826923076923 0.7247596153846154 0.021634615384615384 0.08413461538461539
0 0.96875 0.7319711538461539 0.0625 0.09375
1 0.9278846153846154 0.7379807692307693 0.0673076923076923 0.09615384615384616
1 0.8858173076923077 0.7415865384615384 0.07211538461538461 0.10096153846153846
0 0.8413461538461539 0.7439903846153846 0.0673076923076923 0.10336538461538461
0 0.8004807692307693 0.7475961538461539 0.06490384615384616 0.0985576923076923
0 0.7536057692307693 0.7487980769230769 0.0625 0.0889423076923077
0 0.7067307692307693 0.7584134615384616 0.0625 0.0889423076923077
0 0.6634615384615384 0.7692307692307693 0.0625 0.09375
1 0.6177884615384616 0.7668269230769231 0.06009615384615385 0.09134615384615384
1 0.5733173076923077 0.7752403846153846 0.052884615384615384 0.09615384615384616
1 0.5324519230769231 0.7824519230769231 0.057692307692307696 0.0985576923076923