0 0.8100961538461539 0.2956730769230769 0.04326923076923077 0.07211538461538461
0 0.7836538461538461 0.29927884615384615 0.040865384615384616 0.07692307692307693
0 0.7536057692307693 0.3004807692307692 0.040865384615384616 0.07692307692307693
0 0.7259615384615384 0.29927884615384615 0.04326923076923077 0.07692307692307693
0 0.6983173076923077 0.3016826923076923 0.040865384615384616 0.07211538461538461
0 0.6538461538461539 0.29927884615384615 0.038461538461538464 0.07211538461538461
0 0.6225961538461539 0.3016826923076923 0.03125 0.0673076923076923
0 0.59375 0.30528846153846156 0.03125 0.07211538461538461
0 0.5661057692307693 0.30288461538461536 0.03365384615384615 0.07211538461538461
0 0.5372596153846154 0.30649038461538464 0.03365384615384615 0.0673076923076923
0 0.5096153846153846 0.30528846153846156 0.028846153846153848 0.06009615384615385
0 0.4795673076923077 0.30528846153846156 0.03125 0.06490384615384616
0 0.4483173076923077 0.3004807692307692 0.028846153846153848 0.06009615384615385
0 0.4182692307692308 0.30288461538461536 0.03365384615384615 0.0673076923076923
0 0.38461538461538464 0.30408653846153844 0.028846153846153848 0.0673076923076923
0 0.3557692307692308 0.30288461538461536 0.03125 0.06009615384615385
0 0.3245192307692308 0.30408653846153844 0.03125 0.06009615384615385
0 0.2932692307692308 0.30288461538461536 0.03125 0.057692307692307696
0 0.25841346153846156 0.30649038461538464 0.036057692307692304 0.0625
0 0.22596153846153846 0.30408653846153844 0.03365384615384615 0.06971153846153846
0 0.1971153846153846 0.30528846153846156 0.036057692307692304 0.06009615384615385
0 0.16466346153846154 0.30288461538461536 0.04326923076923077 0.07211538461538461
0 0.8569711538461539 0.41947115384615385 0.04807692307692308 0.0673076923076923
0 0.8293269230769231 0.4182692307692308 0.04807692307692308 0.07211538461538461
0 0.7992788461538461 0.421875 0.04567307692307692 0.07211538461538461
0 0.7632211538461539 0.4230769230769231 0.04567307692307692 0.0673076923076923
0 0.7283653846153846 0.4254807692307692 0.04326923076923077 0.06971153846153846
0 0.6875 0.4266826923076923 0.040865384615384616 0.06490384615384616
0 0.6598557692307693 0.4266826923076923 0.040865384615384616 0.06971153846153846
0 0.6213942307692307 0.4206730769230769 0.038461538461538464 0.0673076923076923
0 0.5913461538461539 0.42427884615384615 0.038461538461538464 0.06490384615384616
0 0.5600961538461539 0.42427884615384615 0.040865384615384616 0.07211538461538461
0 0.5252403846153846 0.42427884615384615 0.038461538461538464 0.06971153846153846
0 0.4963942307692308 0.4266826923076923 0.036057692307692304 0.0673076923076923
0 0.46153846153846156 0.4266826923076923 0.036057692307692304 0.07692307692307693
0 0.42788461538461536 0.42908653846153844 0.03365384615384615 0.0673076923076923
0 0.3954326923076923 0.4266826923076923 0.040865384615384616 0.07211538461538461
0 0.35697115384615385 0.4230769230769231 0.036057692307692304 0.08173076923076923
0 0.32211538461538464 0.42908653846153844 0.038461538461538464 0.08173076923076923
0 0.28846153846153844 0.4266826923076923 0.04326923076923077 0.08413461538461539
0 0.2536057692307692 0.43028846153846156 0.038461538461538464 0.07932692307692307
0 0.21754807692307693 0.43149038461538464 0.04567307692307692 0.08413461538461539
0 0.18028846153846154 0.43149038461538464 0.040865384615384616 0.07932692307692307
0 0.14423076923076922 0.4338942307692308 0.04326923076923077 0.07692307692307693
0 0.8834134615384616 0.4855769230769231 0.04326923076923077 0.0889423076923077
0 0.8509615384615384 0.4891826923076923 0.052884615384615384 0.09134615384615384
0 0.8209134615384616 0.4855769230769231 0.04807692307692308 0.09375
0 0.7896634615384616 0.4951923076923077 0.04807692307692308 0.0889423076923077
0 0.7560096153846154 0.4951923076923077 0.04326923076923077 0.09134615384615384
0 0.7067307692307693 0.5 0.036057692307692304 0.09375
0 0.6706730769230769 0.4987980769230769 0.05048076923076923 0.09375
0 0.640625 0.5012019230769231 0.04567307692307692 0.0889423076923077
0 0.6045673076923077 0.49759615384615385 0.04567307692307692 0.09375
0 0.5721153846153846 0.5036057692307693 0.036057692307692304 0.08413461538461539
0 0.5348557692307693 0.5048076923076923 0.038461538461538464 0.08413461538461539
0 0.5024038461538461 0.5072115384615384 0.038461538461538464 0.07932692307692307
0 0.4651442307692308 0.5048076923076923 0.03365384615384615 0.07932692307692307
0 0.43149038461538464 0.5072115384615384 0.038461538461538464 0.07932692307692307
0 0.39663461538461536 0.5084134615384616 0.036057692307692304 0.08173076923076923
0 0.3605769230769231 0.5060096153846154 0.038461538461538464 0.08173076923076923
0 0.3233173076923077 0.5108173076923077 0.038461538461538464 0.07932692307692307
0 0.28846153846153844 0.5108173076923077 0.04326923076923077 0.07692307692307693
0 0.25 0.5120192307692307 0.038461538461538464 0.08413461538461539
0 0.21394230769230768 0.5108173076923077 0.04567307692307692 0.08413461538461539
0 0.17668269230769232 0.5144230769230769 0.040865384615384616 0.07692307692307693
0 0.13581730769230768 0.5096153846153846 0.05048076923076923 0.08413461538461539
0 0.9495192307692307 0.6538461538461539 0.052884615384615384 0.09375
0 0.9170673076923077 0.6586538461538461 0.052884615384615384 0.0889423076923077
0 0.8774038461538461 0.6598557692307693 0.052884615384615384 0.0889423076923077
0 0.8413461538461539 0.6598557692307693 0.04807692307692308 0.0889423076923077
0 0.8052884615384616 0.6670673076923077 0.05048076923076923 0.08413461538461539
0 0.7487980769230769 0.6646634615384616 0.04567307692307692 0.07932692307692307
0 0.7103365384615384 0.6646634615384616 0.04807692307692308 0.0889423076923077
0 0.6706730769230769 0.6694711538461539 0.057692307692307696 0.09615384615384616
0 0.6346153846153846 0.6706730769230769 0.04807692307692308 0.0889423076923077
0 0.5973557692307693 0.6754807692307693 0.04807692307692308 0.09134615384615384
0 0.5612980769230769 0.6754807692307693 0.04326923076923077 0.09134615384615384
0 0.5216346153846154 0.6790865384615384 0.04326923076923077 0.0985576923076923
0 0.4831730769230769 0.6766826923076923 0.04567307692307692 0.0889423076923077
0 0.4423076923076923 0.6802884615384616 0.04326923076923077 0.0985576923076923
0 0.4026442307692308 0.6790865384615384 0.04326923076923077 0.09375
0 0.3605769230769231 0.6862980769230769 0.04326923076923077 0.09375
0 0.31850961538461536 0.6899038461538461 0.04807692307692308 0.09375
0 0.2776442307692308 0.6899038461538461 0.05048076923076923 0.09375
0 0.23557692307692307 0.6899038461538461 0.04807692307692308 0.10096153846153846
0 0.19471153846153846 0.6947115384615384 0.052884615384615384 0.10336538461538461
0 0.15504807692307693 0.6911057692307693 0.04807692307692308 0.10096153846153846
0 0.11298076923076923 0.6899038461538461 0.057692307692307696 0.0985576923076923
0 0.9951923076923077 0.7824519230769231 0.009615384615384616 0.08413461538461539
0 0.9759615384615384 0.7884615384615384 0.04807692307692308 0.09615384615384616
0 0.9375 0.7920673076923077 0.06490384615384616 0.0985576923076923
1 0.8930288461538461 0.7944711538461539 0.06971153846153846 0.10096153846153846
0 0.8461538461538461 0.7932692307692307 0.0625 0.10576923076923077
0 0.8040865384615384 0.7944711538461539 0.0625 0.0985576923076923
0 0.7560096153846154 0.7944711538461539 0.06009615384615385 0.0889423076923077
0 0.7067307692307693 0.8004807692307693 0.06009615384615385 0.0889423076923077
0 0.6610576923076923 0.8088942307692307 0.06009615384615385 0.09375
0 0.6129807692307693 0.8052884615384616 0.057692307692307696 0.09375
0 0.5673076923076923 0.8112980769230769 0.04807692307692308 0.0985576923076923
0 0.5228365384615384 0.8161057692307693 0.055288461538461536 0.0985576923076923