0 0.29447115384615385 0.2247596153846154 0.052884615384615384 0.07451923076923077
0 0.31850961538461536 0.23317307692307693 0.052884615384615384 0.07692307692307693
0 0.3473557692307692 0.2403846153846154 0.05048076923076923 0.07692307692307693
0 0.3713942307692308 0.2439903846153846 0.055288461538461536 0.07692307692307693
0 0.39663461538461536 0.25240384615384615 0.05048076923076923 0.07211538461538461
0 0.43990384615384615 0.25961538461538464 0.05048076923076923 0.07451923076923077
0 0.4675480769230769 0.26802884615384615 0.04326923076923077 0.0673076923076923
0 0.49399038461538464 0.2764423076923077 0.04326923076923077 0.07211538461538461
0 0.5192307692307693 0.27884615384615385 0.04326923076923077 0.07211538461538461
0 0.546875 0.28725961538461536 0.04567307692307692 0.06971153846153846
0 0.5721153846153846 0.2920673076923077 0.038461538461538464 0.0625
0 0.5997596153846154 0.29927884615384615 0.040865384615384616 0.06490384615384616
0 0.6286057692307693 0.3004807692307692 0.038461538461538464 0.06009615384615385
0 0.6574519230769231 0.3088942307692308 0.04326923076923077 0.0673076923076923
0 0.6875 0.3161057692307692 0.040865384615384616 0.0673076923076923
0 0.7139423076923077 0.32211538461538464 0.040865384615384616 0.0625
0 0.7439903846153846 0.3293269230769231 0.040865384615384616 0.0625
0 0.7728365384615384 0.3329326923076923 0.040865384615384616 0.06009615384615385
0 0.8040865384615384 0.3425480769230769 0.04567307692307692 0.06490384615384616
0 0.8353365384615384 0.3473557692307692 0.04567307692307692 0.07211538461538461
0 0.8605769230769231 0.35336538461538464 0.04567307692307692 0.06490384615384616
0 0.8930288461538461 0.359375 0.052884615384615384 0.07451923076923077
0 0.22716346153846154 0.33052884615384615 0.057692307692307696 0.07211538461538461
0 0.2536057692307692 0.33413461538461536 0.057692307692307696 0.07451923076923077
0 0.2800480769230769 0.34375 0.055288461538461536 0.07451923076923077
0 0.3125 0.35216346153846156 0.055288461538461536 0.06971153846153846
0 0.3449519230769231 0.3605769230769231 0.052884615384615384 0.07211538461538461
0 0.38341346153846156 0.3701923076923077 0.05048076923076923 0.0673076923076923
0 0.4098557692307692 0.3762019230769231 0.052884615384615384 0.07211538461538461
0 0.44591346153846156 0.3786057692307692 0.04807692307692308 0.0673076923076923
0 0.4723557692307692 0.38822115384615385 0.04807692307692308 0.0673076923076923
0 0.5012019230769231 0.3942307692307692 0.052884615384615384 0.07211538461538461
0 0.5336538461538461 0.40024038461538464 0.04807692307692308 0.07211538461538461
0 0.5600961538461539 0.40865384615384615 0.04567307692307692 0.0673076923076923
0 0.5925480769230769 0.41586538461538464 0.04807692307692308 0.07692307692307693
0 0.6225961538461539 0.42427884615384615 0.04567307692307692 0.0673076923076923
0 0.6538461538461539 0.42788461538461536 0.05048076923076923 0.07451923076923077
0 0.6899038461538461 0.4326923076923077 0.05048076923076923 0.08173076923076923
0 0.7211538461538461 0.44591346153846156 0.05048076923076923 0.08413461538461539
0 0.7536057692307693 0.4495192307692308 0.055288461538461536 0.08413461538461539
0 0.7848557692307693 0.45913461538461536 0.05048076923076923 0.07932692307692307
0 0.8185096153846154 0.4675480769230769 0.057692307692307696 0.08653846153846154
0 0.8533653846153846 0.47475961538461536 0.052884615384615384 0.08173076923076923
0 0.8870192307692307 0.484375 0.055288461538461536 0.07692307692307693
0 0.18990384615384615 0.3870192307692308 0.057692307692307696 0.09134615384615384
0 0.21875 0.39663461538461536 0.0673076923076923 0.09375
0 0.24759615384615385 0.40024038461538464 0.0625 0.09615384615384616
0 0.27524038461538464 0.41466346153846156 0.0625 0.09134615384615384
0 0.30649038461538464 0.41947115384615385 0.057692307692307696 0.09134615384615384
0 0.35216346153846156 0.43509615384615385 0.052884615384615384 0.09375
0 0.38341346153846156 0.4411057692307692 0.06490384615384616 0.09615384615384616
0 0.4110576923076923 0.4495192307692308 0.057692307692307696 0.0889423076923077
0 0.44591346153846156 0.453125 0.06009615384615385 0.09375
0 0.47475961538461536 0.4651442307692308 0.05048076923076923 0.08413461538461539
0 0.5096153846153846 0.4735576923076923 0.052884615384615384 0.08653846153846154
0 0.5384615384615384 0.4807692307692308 0.052884615384615384 0.08173076923076923
0 0.5733173076923077 0.4879807692307692 0.04567307692307692 0.07932692307692307
0 0.6033653846153846 0.4963942307692308 0.05048076923076923 0.07932692307692307
0 0.6370192307692307 0.5048076923076923 0.04807692307692308 0.08173076923076923
0 0.6706730769230769 0.5096153846153846 0.05048076923076923 0.08173076923076923
0 0.7043269230769231 0.5216346153846154 0.05048076923076923 0.07932692307692307
0 0.7367788461538461 0.5264423076923077 0.055288461538461536 0.07692307692307693
0 0.7716346153846154 0.5372596153846154 0.052884615384615384 0.08413461538461539
0 0.8064903846153846 0.5432692307692307 0.057692307692307696 0.08653846153846154
0 0.8401442307692307 0.5540865384615384 0.052884615384615384 0.07932692307692307
0 0.8786057692307693 0.5576923076923077 0.0625 0.08653846153846154
0 0.09495192307692307 0.5300480769230769 0.0673076923076923 0.09615384615384616
0 0.12379807692307693 0.5408653846153846 0.0673076923076923 0.09134615384615384
0 0.15985576923076922 0.5504807692307693 0.06490384615384616 0.09375
0 0.19471153846153846 0.5564903846153846 0.0625 0.0889423076923077
0 0.22596153846153846 0.5709134615384616 0.0625 0.08653846153846154
0 0.27884615384615385 0.5805288461538461 0.057692307692307696 0.08173076923076923
0 0.31490384615384615 0.5865384615384616 0.0625 0.0889423076923077
0 0.34975961538461536 0.5985576923076923 0.06971153846153846 0.0985576923076923
0 0.38461538461538464 0.6069711538461539 0.0625 0.09134615384615384
0 0.4170673076923077 0.6189903846153846 0.0625 0.09375
0 0.45072115384615385 0.6262019230769231 0.057692307692307696 0.09134615384615384
0 0.48677884615384615 0.6382211538461539 0.06009615384615385 0.0985576923076923
0 0.5228365384615384 0.6430288461538461 0.057692307692307696 0.0889423076923077
0 0.5612980769230769 0.6538461538461539 0.06009615384615385 0.0985576923076923
0 0.5973557692307693 0.6610576923076923 0.057692307692307696 0.09375
0 0.6346153846153846 0.6754807692307693 0.057692307692307696 0.09375
0 0.671875 0.6875 0.0625 0.09615384615384616
0 0.7115384615384616 0.6947115384615384 0.06490384615384616 0.09375
0 0.75 0.7043269230769231 0.06490384615384616 0.10096153846153846
0 0.7872596153846154 0.7163461538461539 0.06971153846153846 0.10576923076923077
0 0.8257211538461539 0.7211538461538461 0.06490384615384616 0.10096153846153846
0 0.8641826923076923 0.7295673076923077 0.07211538461538461 0.10096153846153846
0 0.018028846153846152 0.6346153846153846 0.036057692307692304 0.09134615384615384
0 0.038461538461538464 0.6466346153846154 0.07692307692307693 0.10096153846153846
0 0.07932692307692307 0.6610576923076923 0.07692307692307693 0.10336538461538461
1 0.11899038461538461 0.671875 0.08413461538461539 0.10576923076923077
0 0.16346153846153846 0.6802884615384616 0.07932692307692307 0.10817307692307693
0 0.20192307692307693 0.6899038461538461 0.07692307692307693 0.10336538461538461
0 0.24759615384615385 0.6995192307692307 0.07451923076923077 0.09615384615384616
0 0.2920673076923077 0.7139423076923077 0.07451923076923077 0.09615384615384616
0 0.3317307692307692 0.7319711538461539 0.07451923076923077 0.0985576923076923
0 0.37740384615384615 0.7379807692307693 0.07211538461538461 0.09615384615384616
0 0.4182692307692308 0.7524038461538461 0.06490384615384616 0.0985576923076923
0 0.4579326923076923 0.765625 0.06971153846153846 0.10096153846153846