0 0.25961538461538464 0.20072115384615385 0.05048076923076923 0.07451923076923077
0 0.2860576923076923 0.20673076923076922 0.05048076923076923 0.07932692307692307
0 0.31490384615384615 0.2127403846153846 0.05048076923076923 0.07932692307692307
0 0.34134615384615385 0.21514423076923078 0.052884615384615384 0.07932692307692307
0 0.36778846153846156 0.22235576923076922 0.04807692307692308 0.07451923076923077
0 0.41225961538461536 0.22716346153846154 0.04807692307692308 0.07451923076923077
0 0.4423076923076923 0.23197115384615385 0.040865384615384616 0.06971153846153846
0 0.46875 0.23918269230769232 0.038461538461538464 0.07451923076923077
0 0.4963942307692308 0.24158653846153846 0.040865384615384616 0.07451923076923077
0 0.5252403846153846 0.24759615384615385 0.04326923076923077 0.07211538461538461
0 0.5516826923076923 0.25 0.038461538461538464 0.0625
0 0.5805288461538461 0.25600961538461536 0.038461538461538464 0.0673076923076923
0 0.6117788461538461 0.25600961538461536 0.036057692307692304 0.0625
0 0.640625 0.2608173076923077 0.040865384615384616 0.06971153846153846
0 0.6730769230769231 0.2668269230769231 0.038461538461538464 0.06971153846153846
0 0.7019230769230769 0.2704326923076923 0.040865384615384616 0.0625
0 0.7319711538461539 0.2764423076923077 0.040865384615384616 0.0625
0 0.7632211538461539 0.27884615384615385 0.038461538461538464 0.06009615384615385
0 0.7944711538461539 0.28725961538461536 0.04326923076923077 0.0673076923076923
0 0.828125 0.28846153846153844 0.04326923076923077 0.07211538461538461
0 0.8545673076923077 0.2932692307692308 0.04326923076923077 0.06490384615384616
0 0.8870192307692307 0.2956730769230769 0.05048076923076923 0.07451923076923077
0 0.19831730769230768 0.31490384615384615 0.055288461538461536 0.07211538461538461
0 0.22596153846153846 0.31850961538461536 0.057692307692307696 0.07451923076923077
0 0.2536057692307692 0.32572115384615385 0.052884615384615384 0.07692307692307693
0 0.28846153846153844 0.3317307692307692 0.052884615384615384 0.06971153846153846
0 0.32211538461538464 0.3389423076923077 0.05048076923076923 0.07211538461538461
0 0.3629807692307692 0.3449519230769231 0.04807692307692308 0.0673076923076923
0 0.38822115384615385 0.34975961538461536 0.05048076923076923 0.07211538461538461
0 0.42788461538461536 0.34975961538461536 0.04807692307692308 0.06971153846153846
0 0.45552884615384615 0.35697115384615385 0.04807692307692308 0.0673076923076923
0 0.48677884615384615 0.3605769230769231 0.05048076923076923 0.07451923076923077
0 0.5204326923076923 0.36538461538461536 0.04567307692307692 0.07211538461538461
0 0.5480769230769231 0.3713942307692308 0.04326923076923077 0.06971153846153846
0 0.5817307692307693 0.3762019230769231 0.04567307692307692 0.07932692307692307
0 0.6141826923076923 0.38341346153846156 0.04326923076923077 0.06971153846153846
0 0.6466346153846154 0.3858173076923077 0.04807692307692308 0.07451923076923077
0 0.6850961538461539 0.3870192307692308 0.04807692307692308 0.08413461538461539
0 0.7163461538461539 0.39903846153846156 0.04807692307692308 0.08413461538461539
0 0.7512019230769231 0.40024038461538464 0.052884615384615384 0.08653846153846154
0 0.7848557692307693 0.40865384615384615 0.04807692307692308 0.08173076923076923
0 0.8185096153846154 0.41466346153846156 0.055288461538461536 0.08653846153846154
0 0.8545673076923077 0.41947115384615385 0.05048076923076923 0.08173076923076923
0 0.8894230769230769 0.4266826923076923 0.052884615384615384 0.07932692307692307
0 0.1622596153846154 0.37740384615384615 0.055288461538461536 0.09134615384615384
0 0.19471153846153846 0.38341346153846156 0.0625 0.09375
0 0.2247596153846154 0.3858173076923077 0.057692307692307696 0.0985576923076923
0 0.25240384615384615 0.39903846153846156 0.057692307692307696 0.09375
0 0.2860576923076923 0.4026442307692308 0.055288461538461536 0.09375
0 0.3329326923076923 0.41466346153846156 0.04807692307692308 0.09615384615384616
0 0.36778846153846156 0.4182692307692308 0.06009615384615385 0.0985576923076923
0 0.39783653846153844 0.42427884615384615 0.055288461538461536 0.09134615384615384
0 0.4338942307692308 0.4254807692307692 0.055288461538461536 0.09615384615384616
0 0.4639423076923077 0.4362980769230769 0.04807692307692308 0.08653846153846154
0 0.4987980769230769 0.4423076923076923 0.05048076923076923 0.08653846153846154
0 0.53125 0.4495192307692308 0.04807692307692308 0.08173076923076923
0 0.5673076923076923 0.4519230769230769 0.040865384615384616 0.08173076923076923
0 0.5997596153846154 0.46033653846153844 0.04807692307692308 0.08173076923076923
0 0.6334134615384616 0.4651442307692308 0.04567307692307692 0.08413461538461539
0 0.6694711538461539 0.4675480769230769 0.04807692307692308 0.08413461538461539
0 0.7055288461538461 0.47836538461538464 0.04567307692307692 0.08173076923076923
0 0.7391826923076923 0.48197115384615385 0.052884615384615384 0.07932692307692307
0 0.7752403846153846 0.4891826923076923 0.05048076923076923 0.08653846153846154
0 0.8112980769230769 0.49278846153846156 0.055288461538461536 0.08653846153846154
0 0.8461538461538461 0.5012019230769231 0.05048076923076923 0.07932692307692307
0 0.8870192307692307 0.5024038461538461 0.06009615384615385 0.0889423076923077
0 0.07572115384615384 0.53125 0.06490384615384616 0.0985576923076923
0 0.10697115384615384 0.5408653846153846 0.0625 0.09375
0 0.14543269230769232 0.546875 0.0625 0.09375
0 0.18028846153846154 0.5528846153846154 0.06009615384615385 0.09134615384615384
0 0.21394230769230768 0.5649038461538461 0.06009615384615385 0.0889423076923077
0 0.2692307692307692 0.5697115384615384 0.055288461538461536 0.08413461538461539
0 0.30649038461538464 0.5745192307692307 0.057692307692307696 0.09134615384615384
0 0.3449519230769231 0.5853365384615384 0.0673076923076923 0.10096153846153846
0 0.3786057692307692 0.5913461538461539 0.06009615384615385 0.09375
0 0.41466346153846156 0.6009615384615384 0.06009615384615385 0.09375
0 0.4495192307692308 0.6057692307692307 0.055288461538461536 0.09375
0 0.4879807692307692 0.6141826923076923 0.055288461538461536 0.10096153846153846
0 0.5252403846153846 0.6165865384615384 0.055288461538461536 0.09134615384615384
0 0.5661057692307693 0.6262019230769231 0.055288461538461536 0.0985576923076923
0 0.6033653846153846 0.6310096153846154 0.055288461538461536 0.09615384615384616
0 0.6442307692307693 0.6442307692307693 0.055288461538461536 0.09615384615384616
0 0.6838942307692307 0.6538461538461539 0.06009615384615385 0.0985576923076923
0 0.7247596153846154 0.6574519230769231 0.06009615384615385 0.09615384615384616
0 0.765625 0.6634615384615384 0.06009615384615385 0.10336538461538461
0 0.8040865384615384 0.6742788461538461 0.06490384615384616 0.10576923076923077
0 0.84375 0.6766826923076923 0.0625 0.10336538461538461
0 0.8846153846153846 0.6814903846153846 0.06971153846153846 0.10336538461538461
0 0.010817307692307692 0.6478365384615384 0.021634615384615384 0.0889423076923077
0 0.030048076923076924 0.65625 0.06009615384615385 0.10096153846153846
0 0.06850961538461539 0.6682692307692307 0.07451923076923077 0.10336538461538461
1 0.11177884615384616 0.6754807692307693 0.08173076923076923 0.10817307692307693
0 0.15745192307692307 0.6814903846153846 0.07692307692307693 0.11057692307692307
0 0.19831730769230768 0.6887019230769231 0.07451923076923077 0.10576923076923077
0 0.24519230769230768 0.6959134615384616 0.07211538461538461 0.09615384615384616
0 0.2920673076923077 0.7079326923076923 0.07211538461538461 0.09615384615384616
0 0.33533653846153844 0.7223557692307693 0.07211538461538461 0.10096153846153846
0 0.38221153846153844 0.7259615384615384 0.06971153846153846 0.0985576923076923
0 0.4266826923076923 0.7367788461538461 0.06009615384615385 0.10096153846153846
0 0.46875 0.7487980769230769 0.0673076923076923 0.10336538461538461