0 0.20673076923076922 0.2512019230769231 0.052884615384615384 0.07692307692307693
0 0.23197115384615385 0.25841346153846156 0.052884615384615384 0.08173076923076923
0 0.2608173076923077 0.2644230769230769 0.052884615384615384 0.08173076923076923
0 0.28846153846153844 0.26802884615384615 0.055288461538461536 0.08173076923076923
0 0.31490384615384615 0.2764423076923077 0.05048076923076923 0.07692307692307693
0 0.359375 0.2824519230769231 0.05048076923076923 0.07692307692307693
0 0.3894230769230769 0.28966346153846156 0.04326923076923077 0.06971153846153846
0 0.4170673076923077 0.2980769230769231 0.04326923076923077 0.07451923076923077
0 0.44591346153846156 0.3004807692307692 0.04326923076923077 0.07451923076923077
0 0.4735576923076923 0.3076923076923077 0.04567307692307692 0.07211538461538461
0 0.5012019230769231 0.3125 0.038461538461538464 0.06490384615384616
0 0.5300480769230769 0.31850961538461536 0.04326923076923077 0.06971153846153846
0 0.5612980769230769 0.31850961538461536 0.038461538461538464 0.0625
0 0.5913461538461539 0.3269230769230769 0.04567307692307692 0.07211538461538461
0 0.6237980769230769 0.3329326923076923 0.040865384615384616 0.06971153846153846
0 0.6526442307692307 0.33653846153846156 0.040865384615384616 0.06490384615384616
0 0.6826923076923077 0.34375 0.040865384615384616 0.06490384615384616
0 0.7139423076923077 0.3473557692307692 0.040865384615384616 0.0625
0 0.7475961538461539 0.35697115384615385 0.04567307692307692 0.0673076923076923
0 0.7800480769230769 0.3605769230769231 0.04567307692307692 0.07451923076923077
0 0.8088942307692307 0.36658653846153844 0.04567307692307692 0.06490384615384616
0 0.8413461538461539 0.3701923076923077 0.052884615384615384 0.07692307692307693
0 0.13942307692307693 0.3641826923076923 0.06009615384615385 0.07451923076923077
0 0.16706730769230768 0.36899038461538464 0.06009615384615385 0.07692307692307693
0 0.19591346153846154 0.3762019230769231 0.055288461538461536 0.07692307692307693
0 0.23076923076923078 0.38341346153846156 0.057692307692307696 0.07211538461538461
0 0.26322115384615385 0.39302884615384615 0.052884615384615384 0.07451923076923077
0 0.30528846153846156 0.40024038461538464 0.05048076923076923 0.06971153846153846
0 0.3317307692307692 0.4050480769230769 0.05048076923076923 0.07451923076923077
0 0.3713942307692308 0.4074519230769231 0.05048076923076923 0.07211538461538461
0 0.40024038461538464 0.41586538461538464 0.05048076923076923 0.06971153846153846
0 0.43028846153846156 0.421875 0.052884615384615384 0.07692307692307693
0 0.4639423076923077 0.4266826923076923 0.04807692307692308 0.07451923076923077
0 0.49278846153846156 0.43509615384615385 0.04807692307692308 0.07211538461538461
0 0.5276442307692307 0.4411057692307692 0.04807692307692308 0.08173076923076923
0 0.5600961538461539 0.4483173076923077 0.04567307692307692 0.07211538461538461
0 0.5925480769230769 0.4519230769230769 0.052884615384615384 0.07692307692307693
0 0.6310096153846154 0.45552884615384615 0.05048076923076923 0.08653846153846154
0 0.6646634615384616 0.4675480769230769 0.05048076923076923 0.08653846153846154
0 0.6983173076923077 0.47115384615384615 0.055288461538461536 0.0889423076923077
0 0.7319711538461539 0.4807692307692308 0.05048076923076923 0.08173076923076923
0 0.7668269230769231 0.4879807692307692 0.057692307692307696 0.0889423076923077
0 0.8028846153846154 0.49399038461538464 0.052884615384615384 0.08413461538461539
0 0.8389423076923077 0.5036057692307693 0.055288461538461536 0.08173076923076923
0 0.10216346153846154 0.4254807692307692 0.057692307692307696 0.09375
0 0.13341346153846154 0.4338942307692308 0.0673076923076923 0.09615384615384616
0 0.16346153846153846 0.4362980769230769 0.0625 0.10096153846153846
0 0.19230769230769232 0.45072115384615385 0.0625 0.09615384615384616
0 0.22596153846153846 0.4567307692307692 0.057692307692307696 0.09615384615384616
0 0.27283653846153844 0.4699519230769231 0.052884615384615384 0.0985576923076923
0 0.3088942307692308 0.47475961538461536 0.06490384615384616 0.10096153846153846
0 0.33774038461538464 0.4831730769230769 0.06009615384615385 0.09375
0 0.3737980769230769 0.4855769230769231 0.06009615384615385 0.0985576923076923
0 0.4050480769230769 0.4963942307692308 0.05048076923076923 0.0889423076923077
0 0.4411057692307692 0.5048076923076923 0.052884615384615384 0.0889423076923077
0 0.4723557692307692 0.5132211538461539 0.05048076923076923 0.08413461538461539
0 0.5096153846153846 0.5168269230769231 0.04567307692307692 0.08173076923076923
0 0.5420673076923077 0.5252403846153846 0.05048076923076923 0.08413461538461539
0 0.5769230769230769 0.5324519230769231 0.04807692307692308 0.08653846153846154
0 0.6129807692307693 0.5360576923076923 0.05048076923076923 0.08653846153846154
0 0.6478365384615384 0.5480769230769231 0.05048076923076923 0.08413461538461539
0 0.6826923076923077 0.5540865384615384 0.055288461538461536 0.08173076923076923
0 0.7199519230769231 0.5612980769230769 0.052884615384615384 0.08653846153846154
0 0.7560096153846154 0.5673076923076923 0.06009615384615385 0.0889423076923077
0 0.7920673076923077 0.5769230769230769 0.052884615384615384 0.08173076923076923
0 0.8341346153846154 0.578125 0.0625 0.09134615384615384
0 0.020432692307692308 0.5793269230769231 0.040865384615384616 0.10096153846153846
0 0.038461538461538464 0.5901442307692307 0.0673076923076923 0.09615384615384616
0 0.07692307692307693 0.5985576923076923 0.0673076923076923 0.09615384615384616
0 0.11298076923076923 0.6045673076923077 0.0625 0.09375
0 0.1466346153846154 0.6177884615384616 0.0625 0.09134615384615384
0 0.203125 0.625 0.057692307692307696 0.08653846153846154
0 0.24158653846153846 0.6322115384615384 0.0625 0.09375
0 0.27884615384615385 0.6430288461538461 0.07211538461538461 0.10336538461538461
0 0.31490384615384615 0.6514423076923077 0.0625 0.09615384615384616
0 0.34975961538461536 0.6622596153846154 0.0625 0.09615384615384616
0 0.3858173076923077 0.6682692307692307 0.057692307692307696 0.09615384615384616
0 0.42427884615384615 0.6790865384615384 0.06009615384615385 0.10336538461538461
0 0.46274038461538464 0.6826923076923077 0.06009615384615385 0.09375
0 0.5024038461538461 0.6935096153846154 0.057692307692307696 0.10336538461538461
0 0.5408653846153846 0.6995192307692307 0.057692307692307696 0.0985576923076923
0 0.5805288461538461 0.7139423076923077 0.06009615384615385 0.0985576923076923
0 0.6213942307692307 0.7247596153846154 0.06490384615384616 0.10096153846153846
0 0.6622596153846154 0.7307692307692307 0.06490384615384616 0.0985576923076923
0 0.703125 0.7391826923076923 0.06490384615384616 0.10576923076923077
0 0.7427884615384616 0.7512019230769231 0.06971153846153846 0.11057692307692307
0 0.7824519230769231 0.7548076923076923 0.06490384615384616 0.10576923076923077
0 0.8245192307692307 0.7608173076923077 0.07211538461538461 0.10576923076923077
0 0.016826923076923076 0.7163461538461539 0.03365384615384615 0.10576923076923077
1 0.039663461538461536 0.7259615384615384 0.07932692307692307 0.11057692307692307
0 0.08533653846153846 0.7355769230769231 0.07932692307692307 0.11298076923076923
0 0.12620192307692307 0.7439903846153846 0.07692307692307693 0.10817307692307693
0 0.17427884615384615 0.7512019230769231 0.07451923076923077 0.0985576923076923
0 0.22115384615384615 0.7668269230769231 0.07451923076923077 0.0985576923076923
0 0.2644230769230769 0.7824519230769231 0.07451923076923077 0.10336538461538461
0 0.3125 0.7872596153846154 0.07211538461538461 0.10096153846153846
0 0.3557692307692308 0.8016826923076923 0.06490384615384616 0.10336538461538461
0 0.39903846153846156 0.8137019230769231 0.06971153846153846 0.10576923076923077