0 0.17908653846153846 0.34134615384615385 0.05048076923076923 0.06971153846153846
0 0.20432692307692307 0.33774038461538464 0.05048076923076923 0.07451923076923077
0 0.23076923076923078 0.3329326923076923 0.04807692307692308 0.07451923076923077
0 0.2548076923076923 0.32572115384615385 0.05048076923076923 0.07451923076923077
0 0.28125 0.3233173076923077 0.04807692307692308 0.06971153846153846
0 0.32091346153846156 0.3112980769230769 0.04567307692307692 0.07211538461538461
0 0.3485576923076923 0.30528846153846156 0.040865384615384616 0.06490384615384616
0 0.375 0.3016826923076923 0.038461538461538464 0.06971153846153846
0 0.40024038461538464 0.29447115384615385 0.040865384615384616 0.06971153846153846
0 0.4266826923076923 0.28966346153846156 0.040865384615384616 0.0673076923076923
0 0.45072115384615385 0.28125 0.036057692307692304 0.06009615384615385
0 0.47836538461538464 0.2764423076923077 0.038461538461538464 0.0625
0 0.5060096153846154 0.265625 0.036057692307692304 0.057692307692307696
0 0.5324519230769231 0.25961538461538464 0.04326923076923077 0.0673076923076923
0 0.5612980769230769 0.2536057692307692 0.038461538461538464 0.06490384615384616
0 0.5889423076923077 0.24639423076923078 0.038461538461538464 0.06009615384615385
0 0.6177884615384616 0.2403846153846154 0.038461538461538464 0.06009615384615385
0 0.6454326923076923 0.23197115384615385 0.038461538461538464 0.057692307692307696
0 0.6766826923076923 0.22716346153846154 0.04326923076923077 0.0625
0 0.7055288461538461 0.21754807692307693 0.040865384615384616 0.0673076923076923
0 0.7307692307692307 0.2127403846153846 0.04326923076923077 0.06009615384615385
0 0.7596153846153846 0.203125 0.05048076923076923 0.06971153846153846
0 0.16466346153846154 0.46153846153846156 0.055288461538461536 0.06971153846153846
0 0.19110576923076922 0.45552884615384615 0.055288461538461536 0.07211538461538461
0 0.21875 0.4519230769230769 0.052884615384615384 0.07211538461538461
0 0.25 0.44471153846153844 0.052884615384615384 0.0673076923076923
0 0.2824519230769231 0.43990384615384615 0.05048076923076923 0.06971153846153846
0 0.31971153846153844 0.43149038461538464 0.04807692307692308 0.06490384615384616
0 0.34375 0.4254807692307692 0.04807692307692308 0.06971153846153846
0 0.37740384615384615 0.4110576923076923 0.04567307692307692 0.06490384615384616
0 0.40384615384615385 0.40865384615384615 0.04567307692307692 0.06490384615384616
0 0.4338942307692308 0.4014423076923077 0.04807692307692308 0.06971153846153846
0 0.4639423076923077 0.39302884615384615 0.04567307692307692 0.0673076923076923
0 0.49038461538461536 0.3894230769230769 0.04567307692307692 0.0673076923076923
0 0.5216346153846154 0.38100961538461536 0.04326923076923077 0.07451923076923077
0 0.5516826923076923 0.3762019230769231 0.04326923076923077 0.0673076923076923
0 0.5805288461538461 0.36658653846153844 0.04807692307692308 0.07211538461538461
0 0.6153846153846154 0.35336538461538464 0.04567307692307692 0.07932692307692307
0 0.6478365384615384 0.35336538461538464 0.04807692307692308 0.08173076923076923
0 0.6778846153846154 0.34134615384615385 0.052884615384615384 0.08173076923076923
0 0.7103365384615384 0.33774038461538464 0.04567307692307692 0.07692307692307693
0 0.7415865384615384 0.33052884615384615 0.052884615384615384 0.08413461538461539
0 0.7752403846153846 0.32211538461538464 0.05048076923076923 0.07932692307692307
0 0.8088942307692307 0.3161057692307692 0.05048076923076923 0.07451923076923077
0 0.15745192307692307 0.5288461538461539 0.052884615384615384 0.08653846153846154
0 0.1875 0.5252403846153846 0.0625 0.09134615384615384
0 0.2127403846153846 0.5144230769230769 0.057692307692307696 0.09134615384615384
0 0.24278846153846154 0.5168269230769231 0.057692307692307696 0.0889423076923077
0 0.27283653846153844 0.5072115384615384 0.052884615384615384 0.0889423076923077
0 0.31850961538461536 0.5012019230769231 0.04807692307692308 0.09134615384615384
0 0.34975961538461536 0.49278846153846156 0.06009615384615385 0.09134615384615384
0 0.3786057692307692 0.4879807692307692 0.055288461538461536 0.08653846153846154
0 0.4098557692307692 0.47716346153846156 0.055288461538461536 0.09134615384615384
0 0.4411057692307692 0.47475961538461536 0.04567307692307692 0.08173076923076923
0 0.4735576923076923 0.4675480769230769 0.04807692307692308 0.08173076923076923
0 0.5036057692307693 0.46274038461538464 0.04807692307692308 0.07932692307692307
0 0.5348557692307693 0.4519230769230769 0.04326923076923077 0.07692307692307693
0 0.5661057692307693 0.4483173076923077 0.04807692307692308 0.07932692307692307
0 0.5973557692307693 0.43990384615384615 0.04567307692307692 0.07932692307692307
0 0.6298076923076923 0.43028846153846156 0.04807692307692308 0.07932692307692307
0 0.6646634615384616 0.4266826923076923 0.04807692307692308 0.07932692307692307
0 0.6959134615384616 0.4182692307692308 0.05048076923076923 0.07451923076923077
0 0.7307692307692307 0.4110576923076923 0.04807692307692308 0.08173076923076923
0 0.7632211538461539 0.4014423076923077 0.055288461538461536 0.08173076923076923
0 0.7956730769230769 0.39663461538461536 0.05048076923076923 0.07451923076923077
0 0.8317307692307693 0.38341346153846156 0.057692307692307696 0.08413461538461539
0 0.1346153846153846 0.6947115384615384 0.0625 0.09375
0 0.1658653846153846 0.6899038461538461 0.0625 0.0889423076923077
0 0.20072115384615385 0.6838942307692307 0.0625 0.0889423076923077
0 0.23317307692307693 0.6742788461538461 0.057692307692307696 0.08653846153846154
0 0.2668269230769231 0.6742788461538461 0.057692307692307696 0.08413461538461539
0 0.3173076923076923 0.6586538461538461 0.052884615384615384 0.07932692307692307
0 0.35096153846153844 0.6490384615384616 0.057692307692307696 0.08653846153846154
0 0.38822115384615385 0.6454326923076923 0.0673076923076923 0.09615384615384616
0 0.421875 0.6382211538461539 0.057692307692307696 0.0889423076923077
0 0.45552884615384615 0.6346153846153846 0.057692307692307696 0.0889423076923077
0 0.4879807692307692 0.6262019230769231 0.052884615384615384 0.0889423076923077
0 0.5228365384615384 0.6213942307692307 0.055288461538461536 0.09615384615384616
0 0.5576923076923077 0.6105769230769231 0.055288461538461536 0.08653846153846154
0 0.5961538461538461 0.6033653846153846 0.055288461538461536 0.09375
0 0.6310096153846154 0.59375 0.052884615384615384 0.0889423076923077
0 0.6706730769230769 0.5913461538461539 0.052884615384615384 0.0889423076923077
0 0.7091346153846154 0.5853365384615384 0.057692307692307696 0.09134615384615384
0 0.7451923076923077 0.5757211538461539 0.06009615384615385 0.09134615384615384
0 0.7824519230769231 0.5661057692307693 0.06009615384615385 0.0985576923076923
0 0.8209134615384616 0.5625 0.06490384615384616 0.10096153846153846
0 0.8557692307692307 0.5492788461538461 0.06009615384615385 0.0985576923076923
0 0.8930288461538461 0.5396634615384616 0.0673076923076923 0.0985576923076923
0 0.09735576923076923 0.8269230769230769 0.06971153846153846 0.08653846153846154
0 0.1346153846153846 0.8221153846153846 0.07451923076923077 0.0985576923076923
0 0.1778846153846154 0.8161057692307693 0.07451923076923077 0.0985576923076923
1 0.21634615384615385 0.8076923076923077 0.07932692307692307 0.10096153846153846
0 0.25961538461538464 0.7956730769230769 0.07451923076923077 0.10576923076923077
0 0.296875 0.7872596153846154 0.07211538461538461 0.0985576923076923
0 0.3401442307692308 0.7776442307692307 0.06971153846153846 0.09134615384615384
0 0.3858173076923077 0.7716346153846154 0.06971153846153846 0.09134615384615384
0 0.42788461538461536 0.7692307692307693 0.06971153846153846 0.09375
0 0.47115384615384615 0.7560096153846154 0.0673076923076923 0.09375
0 0.5144230769230769 0.75 0.06009615384615385 0.09615384615384616
0 0.5540865384615384 0.7451923076923077 0.06490384615384616 0.0985576923076923