0 0.2644230769230769 0.22355769230769232 0.05048076923076923 0.07211538461538461
0 0.28966346153846156 0.23076923076923078 0.04807692307692308 0.07692307692307693
0 0.3173076923076923 0.23557692307692307 0.04807692307692308 0.07692307692307693
0 0.34375 0.23918269230769232 0.05048076923076923 0.07692307692307693
0 0.36899038461538464 0.24519230769230768 0.04807692307692308 0.07211538461538461
0 0.41225961538461536 0.24879807692307693 0.04567307692307692 0.07211538461538461
0 0.4411057692307692 0.2548076923076923 0.038461538461538464 0.0673076923076923
0 0.4675480769230769 0.2620192307692308 0.038461538461538464 0.07211538461538461
0 0.49399038461538464 0.26322115384615385 0.038461538461538464 0.07211538461538461
0 0.5204326923076923 0.2704326923076923 0.040865384615384616 0.06971153846153846
0 0.546875 0.27283653846153844 0.036057692307692304 0.0625
0 0.5757211538461539 0.2776442307692308 0.038461538461538464 0.06490384615384616
0 0.6069711538461539 0.2776442307692308 0.036057692307692304 0.06009615384615385
0 0.6346153846153846 0.28365384615384615 0.040865384615384616 0.0673076923076923
0 0.6658653846153846 0.28846153846153844 0.036057692307692304 0.0673076923076923
0 0.6923076923076923 0.2920673076923077 0.038461538461538464 0.0625
0 0.7223557692307693 0.2980769230769231 0.038461538461538464 0.0625
0 0.7524038461538461 0.29927884615384615 0.038461538461538464 0.057692307692307696
0 0.7836538461538461 0.3076923076923077 0.04326923076923077 0.0625
0 0.8161057692307693 0.3088942307692308 0.040865384615384616 0.06971153846153846
0 0.8425480769230769 0.3137019230769231 0.04326923076923077 0.0625
0 0.8737980769230769 0.3173076923076923 0.05048076923076923 0.07211538461538461
0 0.20432692307692307 0.33413461538461536 0.055288461538461536 0.06971153846153846
0 0.23076923076923078 0.33774038461538464 0.055288461538461536 0.07211538461538461
0 0.25841346153846156 0.3449519230769231 0.052884615384615384 0.07451923076923077
0 0.2920673076923077 0.35096153846153844 0.052884615384615384 0.06971153846153846
0 0.3233173076923077 0.3581730769230769 0.04807692307692308 0.06971153846153846
0 0.3641826923076923 0.36538461538461536 0.04807692307692308 0.06490384615384616
0 0.390625 0.36778846153846156 0.04807692307692308 0.06971153846153846
0 0.4266826923076923 0.36899038461538464 0.04567307692307692 0.0673076923076923
0 0.453125 0.3762019230769231 0.04567307692307692 0.06490384615384616
0 0.484375 0.3798076923076923 0.04807692307692308 0.07211538461538461
0 0.5168269230769231 0.38461538461538464 0.04326923076923077 0.06971153846153846
0 0.5432692307692307 0.390625 0.04326923076923077 0.06971153846153846
0 0.5769230769230769 0.3942307692307692 0.04326923076923077 0.07692307692307693
0 0.609375 0.4014423076923077 0.040865384615384616 0.0673076923076923
0 0.640625 0.40384615384615385 0.04807692307692308 0.07211538461538461
0 0.6766826923076923 0.4050480769230769 0.04567307692307692 0.08173076923076923
0 0.7091346153846154 0.41586538461538464 0.04567307692307692 0.08173076923076923
0 0.7415865384615384 0.4182692307692308 0.05048076923076923 0.08413461538461539
0 0.7740384615384616 0.4254807692307692 0.04567307692307692 0.07692307692307693
0 0.8076923076923077 0.43149038461538464 0.052884615384615384 0.08413461538461539
0 0.8413461538461539 0.4375 0.04807692307692308 0.08173076923076923
0 0.8762019230769231 0.44350961538461536 0.05048076923076923 0.07692307692307693
0 0.17067307692307693 0.3942307692307692 0.052884615384615384 0.0889423076923077
0 0.19951923076923078 0.4014423076923077 0.06009615384615385 0.09134615384615384
0 0.22956730769230768 0.40384615384615385 0.057692307692307696 0.09375
0 0.25721153846153844 0.41586538461538464 0.057692307692307696 0.09134615384615384
0 0.28966346153846156 0.41947115384615385 0.052884615384615384 0.09134615384615384
0 0.33533653846153844 0.43028846153846156 0.04807692307692308 0.09375
0 0.36899038461538464 0.43509615384615385 0.06009615384615385 0.09615384615384616
0 0.39783653846153844 0.4423076923076923 0.052884615384615384 0.0889423076923077
0 0.4326923076923077 0.44350961538461536 0.055288461538461536 0.09375
0 0.46153846153846156 0.453125 0.04567307692307692 0.08413461538461539
0 0.49759615384615385 0.45913461538461536 0.04807692307692308 0.08413461538461539
0 0.5264423076923077 0.4639423076923077 0.04807692307692308 0.08173076923076923
0 0.5625 0.46875 0.040865384615384616 0.07932692307692307
0 0.59375 0.47475961538461536 0.04567307692307692 0.07932692307692307
0 0.6262019230769231 0.4807692307692308 0.04326923076923077 0.08173076923076923
0 0.6610576923076923 0.4831730769230769 0.04567307692307692 0.08173076923076923
0 0.6959134615384616 0.49278846153846156 0.04567307692307692 0.07932692307692307
0 0.7295673076923077 0.4963942307692308 0.05048076923076923 0.07692307692307693
0 0.765625 0.5036057692307693 0.04807692307692308 0.08413461538461539
0 0.8004807692307693 0.5072115384615384 0.052884615384615384 0.08413461538461539
0 0.8341346153846154 0.515625 0.04807692307692308 0.07692307692307693
0 0.8725961538461539 0.5168269230769231 0.057692307692307696 0.08653846153846154
0 0.08533653846153846 0.5456730769230769 0.0625 0.09615384615384616
0 0.11538461538461539 0.5528846153846154 0.0625 0.0889423076923077
0 0.15264423076923078 0.5612980769230769 0.06009615384615385 0.09134615384615384
0 0.1875 0.5649038461538461 0.057692307692307696 0.0889423076923077
0 0.21875 0.5757211538461539 0.057692307692307696 0.08653846153846154
0 0.27283653846153844 0.5817307692307693 0.052884615384615384 0.08173076923076923
0 0.31009615384615385 0.5865384615384616 0.057692307692307696 0.0889423076923077
0 0.34615384615384615 0.5961538461538461 0.0673076923076923 0.0985576923076923
0 0.38100961538461536 0.6021634615384616 0.057692307692307696 0.09134615384615384
0 0.41586538461538464 0.6117788461538461 0.057692307692307696 0.09134615384615384
0 0.4483173076923077 0.6165865384615384 0.052884615384615384 0.09134615384615384
0 0.48677884615384615 0.6262019230769231 0.052884615384615384 0.0985576923076923
0 0.5228365384615384 0.6286057692307693 0.052884615384615384 0.0889423076923077
0 0.5612980769230769 0.6370192307692307 0.052884615384615384 0.09615384615384616
0 0.5985576923076923 0.640625 0.052884615384615384 0.09134615384615384
0 0.6382211538461539 0.6538461538461539 0.052884615384615384 0.09134615384615384
0 0.6766826923076923 0.6634615384615384 0.06009615384615385 0.09615384615384616
0 0.7163461538461539 0.6670673076923077 0.057692307692307696 0.09375
0 0.7548076923076923 0.6742788461538461 0.06009615384615385 0.10096153846153846
0 0.7932692307692307 0.6838942307692307 0.0625 0.10336538461538461
0 0.8305288461538461 0.6850961538461539 0.06009615384615385 0.10096153846153846
0 0.8713942307692307 0.6899038461538461 0.0673076923076923 0.10096153846153846
0 0.016826923076923076 0.6574519230769231 0.03365384615384615 0.0889423076923077
0 0.036057692307692304 0.6670673076923077 0.07211538461538461 0.0985576923076923
0 0.07932692307692307 0.6766826923076923 0.07211538461538461 0.10096153846153846
1 0.1201923076923077 0.6838942307692307 0.07692307692307693 0.10336538461538461
0 0.16466346153846154 0.6899038461538461 0.07451923076923077 0.10817307692307693
0 0.20432692307692307 0.6971153846153846 0.07211538461538461 0.10096153846153846
0 0.24879807692307693 0.703125 0.06971153846153846 0.09134615384615384
0 0.2956730769230769 0.7163461538461539 0.06971153846153846 0.09134615384615384
0 0.33774038461538464 0.7295673076923077 0.06971153846153846 0.09615384615384616
0 0.38341346153846156 0.7331730769230769 0.06490384615384616 0.09375
0 0.4266826923076923 0.7439903846153846 0.06009615384615385 0.0985576923076923
0 0.4675480769230769 0.7548076923076923 0.06490384615384616 0.0985576923076923