0 0.21514423076923078 0.32572115384615385 0.04567307692307692 0.0673076923076923
0 0.2403846153846154 0.3245192307692308 0.04326923076923077 0.07211538461538461
0 0.2668269230769231 0.32091346153846156 0.04326923076923077 0.07211538461538461
0 0.2920673076923077 0.3161057692307692 0.04567307692307692 0.07211538461538461
0 0.3173076923076923 0.31490384615384615 0.04326923076923077 0.0673076923076923
0 0.3581730769230769 0.30649038461538464 0.040865384615384616 0.06971153846153846
0 0.3858173076923077 0.30408653846153844 0.036057692307692304 0.06490384615384616
0 0.41346153846153844 0.30408653846153844 0.03365384615384615 0.0673076923076923
0 0.4375 0.296875 0.036057692307692304 0.0673076923076923
0 0.4639423076923077 0.29447115384615385 0.036057692307692304 0.06490384615384616
0 0.49038461538461536 0.29086538461538464 0.03125 0.057692307692307696
0 0.5168269230769231 0.28725961538461536 0.03365384615384615 0.06009615384615385
0 0.5444711538461539 0.27884615384615385 0.03125 0.057692307692307696
0 0.5733173076923077 0.27524038461538464 0.038461538461538464 0.06490384615384616
0 0.6021634615384616 0.27163461538461536 0.03365384615384615 0.06490384615384616
0 0.6286057692307693 0.2668269230769231 0.03365384615384615 0.057692307692307696
0 0.6574519230769231 0.2644230769230769 0.03365384615384615 0.057692307692307696
0 0.6862980769230769 0.25841346153846156 0.03365384615384615 0.055288461538461536
0 0.7175480769230769 0.2548076923076923 0.038461538461538464 0.06009615384615385
0 0.7463942307692307 0.24759615384615385 0.036057692307692304 0.0673076923076923
0 0.7728365384615384 0.24519230769230768 0.038461538461538464 0.057692307692307696
0 0.8016826923076923 0.23918269230769232 0.04567307692307692 0.0673076923076923
0 0.19110576923076922 0.44471153846153844 0.05048076923076923 0.0673076923076923
0 0.21634615384615385 0.4387019230769231 0.05048076923076923 0.0673076923076923
0 0.2439903846153846 0.4387019230769231 0.04807692307692308 0.06971153846153846
0 0.2764423076923077 0.4338942307692308 0.04807692307692308 0.06490384615384616
0 0.3076923076923077 0.43149038461538464 0.04567307692307692 0.0673076923076923
0 0.34615384615384615 0.4266826923076923 0.04326923076923077 0.0625
0 0.3701923076923077 0.4230769230769231 0.04326923076923077 0.0673076923076923
0 0.40625 0.41225961538461536 0.040865384615384616 0.06490384615384616
0 0.4326923076923077 0.4110576923076923 0.040865384615384616 0.0625
0 0.46153846153846156 0.40625 0.04326923076923077 0.0673076923076923
0 0.49278846153846156 0.4014423076923077 0.040865384615384616 0.06490384615384616
0 0.5192307692307693 0.39903846153846156 0.040865384615384616 0.06490384615384616
0 0.5504807692307693 0.3942307692307692 0.038461538461538464 0.07211538461538461
0 0.5817307692307693 0.3918269230769231 0.038461538461538464 0.06490384615384616
0 0.6117788461538461 0.38461538461538464 0.04326923076923077 0.06971153846153846
0 0.6442307692307693 0.37740384615384615 0.040865384615384616 0.07692307692307693
0 0.6778846153846154 0.37740384615384615 0.040865384615384616 0.07932692307692307
0 0.7079326923076923 0.36899038461538464 0.04567307692307692 0.07932692307692307
0 0.7403846153846154 0.36778846153846156 0.040865384615384616 0.07451923076923077
0 0.7740384615384616 0.3629807692307692 0.04807692307692308 0.08173076923076923
0 0.8076923076923077 0.3581730769230769 0.04326923076923077 0.07692307692307693
0 0.8401442307692307 0.3557692307692308 0.04567307692307692 0.07211538461538461
0 0.17668269230769232 0.5096153846153846 0.04567307692307692 0.08413461538461539
0 0.20673076923076922 0.5072115384615384 0.055288461538461536 0.0889423076923077
0 0.23317307692307693 0.5 0.05048076923076923 0.0889423076923077
0 0.26322115384615385 0.5036057692307693 0.05048076923076923 0.08413461538461539
0 0.29447115384615385 0.4987980769230769 0.04807692307692308 0.08653846153846154
0 0.3401442307692308 0.4951923076923077 0.040865384615384616 0.0889423076923077
0 0.3713942307692308 0.49038461538461536 0.052884615384615384 0.0889423076923077
0 0.39903846153846156 0.4879807692307692 0.04807692307692308 0.08413461538461539
0 0.43149038461538464 0.4795673076923077 0.04807692307692308 0.0889423076923077
0 0.46153846153846156 0.4807692307692308 0.040865384615384616 0.07932692307692307
0 0.4963942307692308 0.47596153846153844 0.04326923076923077 0.07932692307692307
0 0.5240384615384616 0.4723557692307692 0.04326923076923077 0.07451923076923077
0 0.5588942307692307 0.46634615384615385 0.036057692307692304 0.07451923076923077
0 0.5889423076923077 0.4639423076923077 0.040865384615384616 0.07451923076923077
0 0.6213942307692307 0.45913461538461536 0.038461538461538464 0.07692307692307693
0 0.6538461538461539 0.4519230769230769 0.040865384615384616 0.07692307692307693
0 0.6887019230769231 0.4519230769230769 0.040865384615384616 0.07451923076923077
0 0.7199519230769231 0.44591346153846156 0.04567307692307692 0.07211538461538461
0 0.7548076923076923 0.4423076923076923 0.04326923076923077 0.07932692307692307
0 0.7872596153846154 0.43509615384615385 0.04807692307692308 0.07932692307692307
0 0.8209134615384616 0.4338942307692308 0.04326923076923077 0.07451923076923077
0 0.8569711538461539 0.4230769230769231 0.052884615384615384 0.08173076923076923
0 0.140625 0.6706730769230769 0.055288461538461536 0.09134615384615384
0 0.17067307692307693 0.6706730769230769 0.055288461538461536 0.08413461538461539
0 0.20793269230769232 0.6670673076923077 0.055288461538461536 0.08653846153846154
0 0.2403846153846154 0.6598557692307693 0.05048076923076923 0.08413461538461539
0 0.27283653846153844 0.6622596153846154 0.052884615384615384 0.08173076923076923
0 0.3233173076923077 0.6526442307692307 0.04807692307692308 0.07692307692307693
0 0.359375 0.6454326923076923 0.05048076923076923 0.08413461538461539
0 0.3954326923076923 0.6442307692307693 0.06009615384615385 0.09134615384615384
0 0.42908653846153844 0.640625 0.05048076923076923 0.08413461538461539
0 0.46274038461538464 0.640625 0.052884615384615384 0.08653846153846154
0 0.4963942307692308 0.6346153846153846 0.04807692307692308 0.08653846153846154
0 0.5324519230769231 0.6334134615384616 0.04807692307692308 0.09375
0 0.5661057692307693 0.625 0.04807692307692308 0.08413461538461539
0 0.6045673076923077 0.6213942307692307 0.04807692307692308 0.09134615384615384
0 0.640625 0.6153846153846154 0.04807692307692308 0.0889423076923077
0 0.6790865384615384 0.6165865384615384 0.04807692307692308 0.0889423076923077
0 0.7175480769230769 0.6141826923076923 0.052884615384615384 0.0889423076923077
0 0.7548076923076923 0.6069711538461539 0.052884615384615384 0.0889423076923077
0 0.7932692307692307 0.6009615384615384 0.052884615384615384 0.09615384615384616
0 0.8305288461538461 0.5997596153846154 0.057692307692307696 0.0985576923076923
0 0.8665865384615384 0.5901442307692307 0.052884615384615384 0.09615384615384616
0 0.9050480769230769 0.5829326923076923 0.06009615384615385 0.09375
0 0.09254807692307693 0.7992788461538461 0.0625 0.08413461538461539
0 0.12980769230769232 0.7980769230769231 0.0673076923076923 0.09375
0 0.171875 0.7944711538461539 0.06490384615384616 0.09375
1 0.2127403846153846 0.7896634615384616 0.06971153846153846 0.0985576923076923
0 0.2548076923076923 0.7836538461538461 0.0673076923076923 0.10096153846153846
0 0.2932692307692308 0.7788461538461539 0.06490384615384616 0.09375
0 0.33653846153846156 0.7704326923076923 0.0625 0.08653846153846154
0 0.38341346153846156 0.7704326923076923 0.0625 0.08653846153846154
0 0.42427884615384615 0.7704326923076923 0.0625 0.09134615384615384
0 0.4675480769230769 0.7608173076923077 0.06009615384615385 0.0889423076923077
0 0.5096153846153846 0.7596153846153846 0.052884615384615384 0.09134615384615384
0 0.5504807692307693 0.7572115384615384 0.057692307692307696 0.09375