0 0.23677884615384615 0.2764423076923077 0.038461538461538464 0.0673076923076923
0 0.26322115384615385 0.2776442307692308 0.038461538461538464 0.06971153846153846
0 0.29086538461538464 0.2776442307692308 0.036057692307692304 0.06971153846153846
0 0.3173076923076923 0.2764423076923077 0.038461538461538464 0.06971153846153846
0 0.34375 0.2776442307692308 0.036057692307692304 0.0673076923076923
0 0.3858173076923077 0.27403846153846156 0.036057692307692304 0.0673076923076923
0 0.41466346153846156 0.27283653846153844 0.028846153846153848 0.0625
0 0.4423076923076923 0.27524038461538464 0.028846153846153848 0.0673076923076923
0 0.4675480769230769 0.27163461538461536 0.028846153846153848 0.0673076923076923
0 0.4951923076923077 0.27283653846153844 0.03125 0.06490384615384616
0 0.5216346153846154 0.2704326923076923 0.026442307692307692 0.057692307692307696
0 0.5492788461538461 0.2692307692307692 0.028846153846153848 0.06009615384615385
0 0.5793269230769231 0.2644230769230769 0.026442307692307692 0.055288461538461536
0 0.6081730769230769 0.26322115384615385 0.03125 0.0625
0 0.6394230769230769 0.26322115384615385 0.026442307692307692 0.0625
0 0.6670673076923077 0.2620192307692308 0.028846153846153848 0.057692307692307696
0 0.6971153846153846 0.2608173076923077 0.028846153846153848 0.057692307692307696
0 0.7259615384615384 0.25841346153846156 0.028846153846153848 0.055288461538461536
0 0.7584134615384616 0.25961538461538464 0.03365384615384615 0.06009615384615385
0 0.7872596153846154 0.2548076923076923 0.03125 0.0673076923076923
0 0.8149038461538461 0.2536057692307692 0.03365384615384615 0.057692307692307696
0 0.8461538461538461 0.2512019230769231 0.038461538461538464 0.0673076923076923
0 0.19951923076923078 0.3942307692307692 0.04567307692307692 0.0625
0 0.22596153846153846 0.39302884615384615 0.04326923076923077 0.0673076923076923
0 0.2536057692307692 0.3954326923076923 0.040865384615384616 0.0673076923076923
0 0.28725961538461536 0.3942307692307692 0.04326923076923077 0.0625
0 0.31971153846153844 0.3954326923076923 0.038461538461538464 0.06490384615384616
0 0.359375 0.3942307692307692 0.038461538461538464 0.06009615384615385
0 0.3858173076923077 0.39302884615384615 0.038461538461538464 0.06490384615384616
0 0.421875 0.3858173076923077 0.036057692307692304 0.0625
0 0.4495192307692308 0.38822115384615385 0.036057692307692304 0.06009615384615385
0 0.4795673076923077 0.3858173076923077 0.038461538461538464 0.0673076923076923
0 0.5120192307692307 0.38461538461538464 0.03365384615384615 0.06490384615384616
0 0.5396634615384616 0.38461538461538464 0.03365384615384615 0.0625
0 0.5721153846153846 0.38341346153846156 0.03365384615384615 0.07211538461538461
0 0.6045673076923077 0.38341346153846156 0.03125 0.0625
0 0.6358173076923077 0.3798076923076923 0.036057692307692304 0.0673076923076923
0 0.6706730769230769 0.375 0.03365384615384615 0.07692307692307693
0 0.7043269230769231 0.3786057692307692 0.03365384615384615 0.07692307692307693
0 0.7355769230769231 0.375 0.038461538461538464 0.07692307692307693
0 0.7692307692307693 0.3762019230769231 0.036057692307692304 0.07451923076923077
0 0.8028846153846154 0.3762019230769231 0.040865384615384616 0.07932692307692307
0 0.8377403846153846 0.3737980769230769 0.036057692307692304 0.07451923076923077
0 0.8725961538461539 0.375 0.040865384615384616 0.06971153846153846
0 0.1778846153846154 0.46033653846153844 0.040865384615384616 0.08413461538461539
0 0.20793269230769232 0.46153846153846156 0.04807692307692308 0.08413461538461539
0 0.23677884615384615 0.4567307692307692 0.04326923076923077 0.0889423076923077
0 0.265625 0.4639423076923077 0.04326923076923077 0.08413461538461539
0 0.2980769230769231 0.46153846153846156 0.040865384615384616 0.08413461538461539
0 0.3449519230769231 0.4639423076923077 0.03365384615384615 0.0889423076923077
0 0.3786057692307692 0.46153846153846156 0.04567307692307692 0.0889423076923077
0 0.4074519230769231 0.46153846153846156 0.040865384615384616 0.08173076923076923
0 0.4411057692307692 0.4579326923076923 0.040865384615384616 0.0889423076923077
0 0.4723557692307692 0.46033653846153844 0.03365384615384615 0.07932692307692307
0 0.5072115384615384 0.46033653846153844 0.036057692307692304 0.07932692307692307
0 0.5372596153846154 0.46033653846153844 0.036057692307692304 0.07451923076923077
0 0.5721153846153846 0.4567307692307692 0.028846153846153848 0.07451923076923077
0 0.6045673076923077 0.4579326923076923 0.036057692307692304 0.07451923076923077
0 0.6370192307692307 0.4567307692307692 0.03125 0.07692307692307693
0 0.671875 0.453125 0.03365384615384615 0.07692307692307693
0 0.7067307692307693 0.4567307692307692 0.03365384615384615 0.07451923076923077
0 0.7391826923076923 0.4543269230769231 0.038461538461538464 0.06971153846153846
0 0.7764423076923077 0.453125 0.036057692307692304 0.07692307692307693
0 0.8100961538461539 0.4495192307692308 0.04326923076923077 0.07692307692307693
0 0.8449519230769231 0.4519230769230769 0.038461538461538464 0.07211538461538461
0 0.8834134615384616 0.44471153846153844 0.04567307692307692 0.07932692307692307
0 0.125 0.6213942307692307 0.05048076923076923 0.0889423076923077
0 0.15625 0.6237980769230769 0.05048076923076923 0.08173076923076923
0 0.1935096153846154 0.6237980769230769 0.04807692307692308 0.08413461538461539
0 0.22716346153846154 0.6213942307692307 0.04567307692307692 0.08173076923076923
0 0.2608173076923077 0.6262019230769231 0.04567307692307692 0.07932692307692307
0 0.3137019230769231 0.6225961538461539 0.04326923076923077 0.07451923076923077
0 0.34975961538461536 0.6189903846153846 0.04326923076923077 0.08173076923076923
0 0.38822115384615385 0.6225961538461539 0.052884615384615384 0.0889423076923077
0 0.421875 0.6213942307692307 0.04567307692307692 0.08413461538461539
0 0.4567307692307692 0.625 0.04567307692307692 0.08413461538461539
0 0.49038461538461536 0.6225961538461539 0.038461538461538464 0.08413461538461539
0 0.5276442307692307 0.625 0.040865384615384616 0.09134615384615384
0 0.5649038461538461 0.6201923076923077 0.040865384615384616 0.08173076923076923
0 0.6045673076923077 0.6213942307692307 0.038461538461538464 0.09134615384615384
0 0.640625 0.6177884615384616 0.038461538461538464 0.08653846153846154
0 0.6802884615384616 0.6225961538461539 0.040865384615384616 0.08653846153846154
0 0.7199519230769231 0.625 0.04567307692307692 0.0889423076923077
0 0.7584134615384616 0.6213942307692307 0.04567307692307692 0.08653846153846154
0 0.7980769230769231 0.6201923076923077 0.04326923076923077 0.09375
0 0.8377403846153846 0.6225961538461539 0.04807692307692308 0.09615384615384616
0 0.875 0.6177884615384616 0.04567307692307692 0.09375
0 0.9146634615384616 0.6141826923076923 0.052884615384615384 0.09134615384615384
0 0.06129807692307692 0.7463942307692307 0.057692307692307696 0.07932692307692307
0 0.09975961538461539 0.75 0.06009615384615385 0.0889423076923077
1 0.14302884615384615 0.7512019230769231 0.06009615384615385 0.09134615384615384
1 0.18389423076923078 0.7512019230769231 0.06490384615384616 0.09375
0 0.22956730769230768 0.7475961538461539 0.057692307692307696 0.0985576923076923
0 0.2692307692307692 0.7463942307692307 0.057692307692307696 0.09134615384615384
0 0.3137019230769231 0.7451923076923077 0.057692307692307696 0.08413461538461539
0 0.3605769230769231 0.7475961538461539 0.057692307692307696 0.08413461538461539
0 0.40384615384615385 0.7536057692307693 0.055288461538461536 0.0889423076923077
0 0.4495192307692308 0.7487980769230769 0.052884615384615384 0.08653846153846154
0 0.49278846153846156 0.7512019230769231 0.04567307692307692 0.09134615384615384
0 0.5348557692307693 0.7548076923076923 0.05048076923076923 0.09134615384615384