0 0.7415865384615384 0.2091346153846154 0.05048076923076923 0.07211538461538461
0 0.7175480769230769 0.21634615384615385 0.05048076923076923 0.07692307692307693
0 0.6899038461538461 0.22235576923076922 0.04807692307692308 0.07451923076923077
0 0.6646634615384616 0.22716346153846154 0.05048076923076923 0.07692307692307693
0 0.6394230769230769 0.234375 0.04807692307692308 0.06971153846153846
0 0.5973557692307693 0.23918269230769232 0.04807692307692308 0.07211538461538461
0 0.5685096153846154 0.24519230769230768 0.040865384615384616 0.0673076923076923
0 0.5432692307692307 0.2536057692307692 0.038461538461538464 0.06971153846153846
0 0.5168269230769231 0.25721153846153844 0.040865384615384616 0.06971153846153846
0 0.49038461538461536 0.26322115384615385 0.040865384615384616 0.0673076923076923
0 0.4651442307692308 0.2668269230769231 0.038461538461538464 0.06009615384615385
0 0.4375 0.27283653846153844 0.038461538461538464 0.0625
0 0.4074519230769231 0.27403846153846156 0.038461538461538464 0.06009615384615385
0 0.3798076923076923 0.2800480769230769 0.04326923076923077 0.0673076923076923
0 0.3485576923076923 0.2860576923076923 0.038461538461538464 0.0673076923076923
0 0.3233173076923077 0.29086538461538464 0.040865384615384616 0.06009615384615385
0 0.2932692307692308 0.296875 0.040865384615384616 0.06009615384615385
0 0.26322115384615385 0.3004807692307692 0.038461538461538464 0.06009615384615385
0 0.23317307692307693 0.31009615384615385 0.04326923076923077 0.0625
0 0.20192307692307693 0.3125 0.040865384615384616 0.06971153846153846
0 0.17668269230769232 0.31850961538461536 0.04326923076923077 0.0625
0 0.14543269230769232 0.32091346153846156 0.05048076923076923 0.07211538461538461
0 0.8052884615384616 0.3161057692307692 0.057692307692307696 0.06971153846153846
0 0.7788461538461539 0.32091346153846156 0.055288461538461536 0.07211538461538461
0 0.7512019230769231 0.328125 0.052884615384615384 0.07211538461538461
0 0.7199519230769231 0.33533653846153844 0.052884615384615384 0.06971153846153846
0 0.6862980769230769 0.34375 0.05048076923076923 0.06971153846153846
0 0.6490384615384616 0.35096153846153844 0.04807692307692308 0.06490384615384616
0 0.6225961538461539 0.3557692307692308 0.05048076923076923 0.06971153846153846
0 0.5865384615384616 0.35697115384615385 0.04567307692307692 0.0673076923076923
0 0.5600961538461539 0.36538461538461536 0.04567307692307692 0.06490384615384616
0 0.5300480769230769 0.36899038461538464 0.05048076923076923 0.07211538461538461
0 0.5 0.3762019230769231 0.04567307692307692 0.06971153846153846
0 0.4723557692307692 0.38221153846153844 0.04567307692307692 0.0673076923076923
0 0.43990384615384615 0.3870192307692308 0.04567307692307692 0.07692307692307693
0 0.40865384615384615 0.3954326923076923 0.04326923076923077 0.0673076923076923
0 0.3786057692307692 0.39783653846153844 0.04807692307692308 0.07211538461538461
0 0.3425480769230769 0.4014423076923077 0.04567307692307692 0.08173076923076923
0 0.3125 0.41346153846153844 0.04807692307692308 0.08173076923076923
0 0.27884615384615385 0.41586538461538464 0.052884615384615384 0.08413461538461539
0 0.24759615384615385 0.42427884615384615 0.04807692307692308 0.07692307692307693
0 0.21394230769230768 0.43149038461538464 0.055288461538461536 0.08413461538461539
0 0.18028846153846154 0.4375 0.05048076923076923 0.07932692307692307
0 0.1466346153846154 0.44591346153846156 0.052884615384615384 0.07692307692307693
0 0.8389423076923077 0.3737980769230769 0.055288461538461536 0.0889423076923077
0 0.8100961538461539 0.38221153846153844 0.0625 0.09134615384615384
0 0.78125 0.38341346153846156 0.06009615384615385 0.09375
0 0.7548076923076923 0.39783653846153844 0.057692307692307696 0.0889423076923077
0 0.7223557692307693 0.4026442307692308 0.055288461538461536 0.09134615384615384
0 0.6790865384615384 0.41586538461538464 0.04807692307692308 0.09375
0 0.6454326923076923 0.41947115384615385 0.0625 0.09375
0 0.6189903846153846 0.4266826923076923 0.055288461538461536 0.0889423076923077
0 0.5841346153846154 0.43028846153846156 0.057692307692307696 0.09375
0 0.5552884615384616 0.43990384615384615 0.04567307692307692 0.08173076923076923
0 0.5204326923076923 0.44711538461538464 0.05048076923076923 0.08413461538461539
0 0.49158653846153844 0.45552884615384615 0.05048076923076923 0.07932692307692307
0 0.45552884615384615 0.46033653846153844 0.04326923076923077 0.07692307692307693
0 0.4254807692307692 0.4675480769230769 0.04807692307692308 0.07932692307692307
0 0.39302884615384615 0.4735576923076923 0.04567307692307692 0.07932692307692307
0 0.359375 0.47836538461538464 0.04807692307692308 0.08173076923076923
0 0.32572115384615385 0.4891826923076923 0.04807692307692308 0.07932692307692307
0 0.2932692307692308 0.49399038461538464 0.05048076923076923 0.07692307692307693
0 0.25841346153846156 0.5024038461538461 0.05048076923076923 0.08173076923076923
0 0.2247596153846154 0.5060096153846154 0.055288461538461536 0.08413461538461539
0 0.19110576923076922 0.5168269230769231 0.05048076923076923 0.07692307692307693
0 0.15264423076923078 0.5168269230769231 0.06009615384615385 0.08653846153846154
0 0.9278846153846154 0.5180288461538461 0.06490384615384616 0.09375
0 0.8990384615384616 0.5276442307692307 0.0625 0.0889423076923077
0 0.8629807692307693 0.5360576923076923 0.0625 0.09134615384615384
0 0.8293269230769231 0.5408653846153846 0.06009615384615385 0.0889423076923077
0 0.7980769230769231 0.5528846153846154 0.06009615384615385 0.08653846153846154
0 0.7451923076923077 0.5612980769230769 0.055288461538461536 0.07932692307692307
0 0.7091346153846154 0.5661057692307693 0.057692307692307696 0.0889423076923077
0 0.6742788461538461 0.5769230769230769 0.0673076923076923 0.0985576923076923
0 0.6394230769230769 0.5841346153846154 0.06009615384615385 0.0889423076923077
0 0.6057692307692307 0.5949519230769231 0.06009615384615385 0.09134615384615384
0 0.5733173076923077 0.6009615384615384 0.052884615384615384 0.0889423076923077
0 0.5372596153846154 0.6117788461538461 0.057692307692307696 0.09615384615384616
0 0.5012019230769231 0.6153846153846154 0.055288461538461536 0.0889423076923077
0 0.46274038461538464 0.625 0.055288461538461536 0.09615384615384616
0 0.4266826923076923 0.6298076923076923 0.055288461538461536 0.09134615384615384
0 0.3894230769230769 0.6442307692307693 0.055288461538461536 0.09134615384615384
0 0.35096153846153844 0.6550480769230769 0.06009615384615385 0.09375
0 0.3125 0.6598557692307693 0.06009615384615385 0.09375
0 0.27524038461538464 0.6682692307692307 0.06009615384615385 0.0985576923076923
0 0.23677884615384615 0.6790865384615384 0.06490384615384616 0.10336538461538461
0 0.19951923076923078 0.6814903846153846 0.0625 0.0985576923076923
0 0.16105769230769232 0.6887019230769231 0.0673076923076923 0.10096153846153846
0 0.9903846153846154 0.625 0.019230769230769232 0.08653846153846154
0 0.9723557692307693 0.6358173076923077 0.055288461538461536 0.0985576923076923
0 0.9399038461538461 0.6490384615384616 0.07451923076923077 0.10096153846153846
1 0.8990384615384616 0.6574519230769231 0.07932692307692307 0.10336538461538461
0 0.8557692307692307 0.6634615384615384 0.07451923076923077 0.10817307692307693
0 0.8173076923076923 0.671875 0.07211538461538461 0.10096153846153846
1 0.7716346153846154 0.6802884615384616 0.06971153846153846 0.09134615384615384
0 0.7283653846153846 0.6935096153846154 0.06971153846153846 0.09134615384615384
0 0.6875 0.7091346153846154 0.06971153846153846 0.09615384615384616
0 0.640625 0.7127403846153846 0.0673076923076923 0.09375
0 0.5997596153846154 0.7259615384615384 0.06009615384615385 0.09615384615384616
0 0.5600961538461539 0.7379807692307693 0.06490384615384616 0.0985576923076923