0 0.7764423076923077 0.29447115384615385 0.038461538461538464 0.0625
0 0.7512019230769231 0.296875 0.036057692307692304 0.0673076923076923
0 0.7235576923076923 0.296875 0.03365384615384615 0.0673076923076923
0 0.6983173076923077 0.2956730769230769 0.038461538461538464 0.0673076923076923
0 0.671875 0.2980769230769231 0.03365384615384615 0.0625
0 0.6310096153846154 0.29447115384615385 0.03365384615384615 0.0673076923076923
0 0.6021634615384616 0.29447115384615385 0.028846153846153848 0.0625
0 0.5757211538461539 0.296875 0.026442307692307692 0.0673076923076923
0 0.5504807692307693 0.29447115384615385 0.028846153846153848 0.0673076923076923
0 0.5228365384615384 0.2956730769230769 0.028846153846153848 0.0625
0 0.49759615384615385 0.2932692307692308 0.02403846153846154 0.055288461538461536
0 0.4699519230769231 0.2932692307692308 0.028846153846153848 0.057692307692307696
0 0.4411057692307692 0.28846153846153844 0.02403846153846154 0.052884615384615384
0 0.41346153846153844 0.28966346153846156 0.028846153846153848 0.0625
0 0.38341346153846156 0.28966346153846156 0.02403846153846154 0.0625
0 0.3557692307692308 0.28725961538461536 0.028846153846153848 0.055288461538461536
0 0.32572115384615385 0.28725961538461536 0.028846153846153848 0.055288461538461536
0 0.296875 0.2848557692307692 0.028846153846153848 0.052884615384615384
0 0.265625 0.28725961538461536 0.03125 0.057692307692307696
0 0.23557692307692307 0.28365384615384615 0.028846153846153848 0.0625
0 0.2091346153846154 0.28365384615384615 0.03365384615384615 0.055288461538461536
0 0.17908653846153846 0.28125 0.038461538461538464 0.0625
0 0.8149038461538461 0.4110576923076923 0.04326923076923077 0.0625
0 0.7884615384615384 0.4098557692307692 0.04326923076923077 0.0625
0 0.7608173076923077 0.4110576923076923 0.038461538461538464 0.0673076923076923
0 0.7283653846153846 0.4110576923076923 0.040865384615384616 0.06009615384615385
0 0.6959134615384616 0.41225961538461536 0.038461538461538464 0.0625
0 0.6574519230769231 0.41225961538461536 0.036057692307692304 0.057692307692307696
0 0.6322115384615384 0.4110576923076923 0.036057692307692304 0.0625
0 0.5961538461538461 0.40625 0.03365384615384615 0.06009615384615385
0 0.5697115384615384 0.4074519230769231 0.03365384615384615 0.057692307692307696
0 0.5396634615384616 0.40625 0.036057692307692304 0.0625
0 0.5084134615384616 0.40625 0.03365384615384615 0.0625
0 0.48197115384615385 0.40625 0.03365384615384615 0.0625
0 0.4495192307692308 0.4050480769230769 0.028846153846153848 0.06971153846153846
0 0.4182692307692308 0.40625 0.028846153846153848 0.0625
0 0.38822115384615385 0.4026442307692308 0.03365384615384615 0.0673076923076923
0 0.35216346153846156 0.39903846153846156 0.03125 0.07451923076923077
0 0.31971153846153844 0.40384615384615385 0.03365384615384615 0.07692307692307693
0 0.28846153846153844 0.39903846153846156 0.038461538461538464 0.07692307692307693
0 0.25600961538461536 0.4014423076923077 0.03365384615384615 0.07211538461538461
0 0.22355769230769232 0.4014423076923077 0.038461538461538464 0.07692307692307693
0 0.18870192307692307 0.40024038461538464 0.03365384615384615 0.07211538461538461
0 0.15504807692307693 0.4014423076923077 0.038461538461538464 0.0673076923076923
0 0.8365384615384616 0.4735576923076923 0.038461538461538464 0.08173076923076923
0 0.8064903846153846 0.47596153846153844 0.04567307692307692 0.08173076923076923
0 0.7788461538461539 0.47115384615384615 0.040865384615384616 0.08653846153846154
0 0.75 0.4795673076923077 0.04326923076923077 0.08173076923076923
0 0.71875 0.47716346153846156 0.038461538461538464 0.08173076923076923
0 0.6730769230769231 0.4807692307692308 0.03125 0.08653846153846154
0 0.640625 0.47836538461538464 0.04326923076923077 0.08653846153846154
0 0.6117788461538461 0.4795673076923077 0.038461538461538464 0.08173076923076923
0 0.578125 0.47596153846153844 0.038461538461538464 0.08653846153846154
0 0.5480769230769231 0.4795673076923077 0.03125 0.07692307692307693
0 0.5144230769230769 0.4795673076923077 0.03365384615384615 0.07692307692307693
0 0.484375 0.4807692307692308 0.03365384615384615 0.07211538461538461
0 0.45072115384615385 0.47836538461538464 0.028846153846153848 0.07211538461538461
0 0.41947115384615385 0.4795673076923077 0.03365384615384615 0.07211538461538461
0 0.3870192307692308 0.47836538461538464 0.028846153846153848 0.07451923076923077
0 0.35336538461538464 0.47596153846153844 0.03365384615384615 0.07451923076923077
0 0.31850961538461536 0.4795673076923077 0.03365384615384615 0.07211538461538461
0 0.2860576923076923 0.47716346153846156 0.038461538461538464 0.0673076923076923
0 0.2512019230769231 0.47836538461538464 0.03365384615384615 0.07692307692307693
0 0.21754807692307693 0.47475961538461536 0.038461538461538464 0.07692307692307693
0 0.18389423076923078 0.47836538461538464 0.036057692307692304 0.06971153846153846
0 0.1466346153846154 0.47115384615384615 0.04326923076923077 0.07692307692307693
0 0.8930288461538461 0.6310096153846154 0.04807692307692308 0.08653846153846154
0 0.8617788461538461 0.6346153846153846 0.04807692307692308 0.08173076923076923
0 0.8257211538461539 0.6346153846153846 0.04567307692307692 0.08173076923076923
0 0.7920673076923077 0.6334134615384616 0.04326923076923077 0.08173076923076923
0 0.7596153846153846 0.6382211538461539 0.04326923076923077 0.07692307692307693
0 0.7067307692307693 0.6346153846153846 0.038461538461538464 0.07211538461538461
0 0.671875 0.6334134615384616 0.04326923076923077 0.08173076923076923
0 0.6346153846153846 0.6370192307692307 0.04807692307692308 0.08653846153846154
0 0.6009615384615384 0.6370192307692307 0.04326923076923077 0.08173076923076923
0 0.5673076923076923 0.6394230769230769 0.04326923076923077 0.08173076923076923
0 0.5336538461538461 0.6382211538461539 0.038461538461538464 0.08173076923076923
0 0.49759615384615385 0.640625 0.038461538461538464 0.09134615384615384
0 0.46153846153846156 0.6370192307692307 0.038461538461538464 0.08173076923076923
0 0.4230769230769231 0.6382211538461539 0.038461538461538464 0.0889423076923077
0 0.3870192307692308 0.6370192307692307 0.038461538461538464 0.08413461538461539
0 0.3473557692307692 0.6418269230769231 0.038461538461538464 0.08413461538461539
0 0.3088942307692308 0.6442307692307693 0.04326923076923077 0.08653846153846154
0 0.27163461538461536 0.6418269230769231 0.04326923076923077 0.08413461538461539
0 0.23317307692307693 0.6418269230769231 0.04326923076923077 0.09134615384615384
0 0.19471153846153846 0.6442307692307693 0.04567307692307692 0.09375
0 0.15745192307692307 0.6394230769230769 0.04326923076923077 0.09134615384615384
0 0.11899038461538461 0.6382211538461539 0.04807692307692308 0.09134615384615384
0 0.9567307692307693 0.7524038461538461 0.052884615384615384 0.07692307692307693
0 0.9194711538461539 0.7560096153846154 0.057692307692307696 0.08653846153846154
1 0.8762019230769231 0.7584134615384616 0.057692307692307696 0.0889423076923077
1 0.8365384615384616 0.7584134615384616 0.0625 0.09134615384615384
0 0.7920673076923077 0.7560096153846154 0.055288461538461536 0.09615384615384616
0 0.7536057692307693 0.7560096153846154 0.052884615384615384 0.09134615384615384
0 0.7091346153846154 0.7548076923076923 0.052884615384615384 0.08173076923076923
0 0.6634615384615384 0.7596153846153846 0.052884615384615384 0.08173076923076923
0 0.6213942307692307 0.765625 0.052884615384615384 0.08653846153846154
0 0.5769230769230769 0.7608173076923077 0.05048076923076923 0.08413461538461539
0 0.5336538461538461 0.7644230769230769 0.04326923076923077 0.0889423076923077
0 0.49278846153846156 0.7680288461538461 0.04807692307692308 0.09134615384615384