0 0.25600961538461536 0.2620192307692308 0.040865384615384616 0.0673076923076923
0 0.28125 0.265625 0.040865384615384616 0.07211538461538461
0 0.3088942307692308 0.265625 0.038461538461538464 0.07211538461538461
0 0.33533653846153844 0.265625 0.040865384615384616 0.07211538461538461
1 0.36177884615384615 0.2692307692307692 0.036057692307692304 0.0673076923076923
1 0.4050480769230769 0.265625 0.036057692307692304 0.0673076923076923
1 0.4338942307692308 0.26802884615384615 0.03125 0.0625
0 0.46153846153846156 0.27163461538461536 0.028846153846153848 0.0673076923076923
0 0.48677884615384615 0.26802884615384615 0.028846153846153848 0.0673076923076923
1 0.5144230769230769 0.27163461538461536 0.03125 0.06490384615384616
0 0.5408653846153846 0.2704326923076923 0.028846153846153848 0.057692307692307696
1 0.5697115384615384 0.27163461538461536 0.028846153846153848 0.06009615384615385
0 0.5985576923076923 0.26802884615384615 0.028846153846153848 0.055288461538461536
0 0.6286057692307693 0.2692307692307692 0.03125 0.0625
1 0.6586538461538461 0.2692307692307692 0.028846153846153848 0.0625
0 0.6862980769230769 0.2692307692307692 0.03125 0.057692307692307696
1 0.7175480769230769 0.2704326923076923 0.03125 0.057692307692307696
1 0.7463942307692307 0.2692307692307692 0.03125 0.055288461538461536
1 0.7788461538461539 0.27163461538461536 0.03365384615384615 0.06009615384615385
0 0.8100961538461539 0.2692307692307692 0.03125 0.0673076923076923
0 0.8365384615384616 0.2704326923076923 0.03365384615384615 0.057692307692307696
1 0.8677884615384616 0.2692307692307692 0.040865384615384616 0.0673076923076923
0 0.21153846153846154 0.3798076923076923 0.04567307692307692 0.06490384615384616
0 0.23798076923076922 0.3786057692307692 0.04567307692307692 0.0673076923076923
1 0.265625 0.38221153846153844 0.04326923076923077 0.06971153846153846
0 0.29927884615384615 0.38341346153846156 0.04326923076923077 0.0625
1 0.3329326923076923 0.3858173076923077 0.040865384615384616 0.0673076923076923
1 0.37259615384615385 0.3858173076923077 0.038461538461538464 0.0625
0 0.39903846153846156 0.3870192307692308 0.038461538461538464 0.0673076923076923
1 0.43509615384615385 0.38221153846153844 0.036057692307692304 0.0625
0 0.46274038461538464 0.38461538461538464 0.036057692307692304 0.06009615384615385
0 0.49278846153846156 0.38461538461538464 0.038461538461538464 0.0673076923076923
0 0.5252403846153846 0.3858173076923077 0.036057692307692304 0.06490384615384616
0 0.5528846153846154 0.3858173076923077 0.03365384615384615 0.0625
0 0.5865384615384616 0.3858173076923077 0.03365384615384615 0.07211538461538461
1 0.6177884615384616 0.38822115384615385 0.03365384615384615 0.0625
0 0.6490384615384616 0.3858173076923077 0.038461538461538464 0.06971153846153846
0 0.6850961538461539 0.38341346153846156 0.036057692307692304 0.07692307692307693
1 0.71875 0.3894230769230769 0.036057692307692304 0.07932692307692307
0 0.7512019230769231 0.3858173076923077 0.040865384615384616 0.07932692307692307
0 0.7836538461538461 0.3894230769230769 0.036057692307692304 0.07451923076923077
0 0.8185096153846154 0.390625 0.04326923076923077 0.08173076923076923
0 0.8533653846153846 0.390625 0.038461538461538464 0.07451923076923077
0 0.8882211538461539 0.39302884615384615 0.040865384615384616 0.07211538461538461
1 0.18629807692307693 0.44350961538461536 0.040865384615384616 0.08653846153846154
1 0.21634615384615385 0.44591346153846156 0.05048076923076923 0.08653846153846154
1 0.24639423076923078 0.44350961538461536 0.04567307692307692 0.0889423076923077
1 0.27524038461538464 0.45072115384615385 0.04567307692307692 0.08653846153846154
1 0.3076923076923077 0.45072115384615385 0.040865384615384616 0.08653846153846154
1 0.3545673076923077 0.4567307692307692 0.036057692307692304 0.0889423076923077
1 0.3870192307692308 0.45552884615384615 0.04807692307692308 0.0889423076923077
1 0.41586538461538464 0.4579326923076923 0.04326923076923077 0.08413461538461539
1 0.45072115384615385 0.4543269230769231 0.04326923076923077 0.0889423076923077
1 0.48197115384615385 0.45913461538461536 0.036057692307692304 0.07932692307692307
0 0.5168269230769231 0.46033653846153844 0.038461538461538464 0.07932692307692307
1 0.546875 0.46274038461538464 0.038461538461538464 0.07451923076923077
1 0.5829326923076923 0.46033653846153844 0.03125 0.07451923076923077
1 0.6141826923076923 0.46274038461538464 0.036057692307692304 0.07451923076923077
1 0.6478365384615384 0.4639423076923077 0.03365384615384615 0.07692307692307693
1 0.6826923076923077 0.46153846153846156 0.036057692307692304 0.07692307692307693
1 0.7175480769230769 0.46634615384615385 0.036057692307692304 0.07451923076923077
0 0.7512019230769231 0.46634615384615385 0.040865384615384616 0.07211538461538461
1 0.7872596153846154 0.4675480769230769 0.038461538461538464 0.07932692307692307
1 0.8221153846153846 0.46634615384615385 0.04326923076923077 0.07932692307692307
1 0.8569711538461539 0.4699519230769231 0.040865384615384616 0.07451923076923077
1 0.8954326923076923 0.4651442307692308 0.04807692307692308 0.08173076923076923
1 0.12379807692307693 0.6021634615384616 0.05048076923076923 0.0889423076923077
1 0.15504807692307693 0.6069711538461539 0.05048076923076923 0.08413461538461539
1 0.19230769230769232 0.6081730769230769 0.05048076923076923 0.08653846153846154
1 0.22716346153846154 0.6081730769230769 0.04567307692307692 0.08413461538461539
1 0.2608173076923077 0.6141826923076923 0.04807692307692308 0.08173076923076923
1 0.31490384615384615 0.6129807692307693 0.04326923076923077 0.07692307692307693
1 0.35096153846153844 0.6129807692307693 0.04567307692307692 0.08413461538461539
1 0.38822115384615385 0.6177884615384616 0.052884615384615384 0.09134615384615384
1 0.4230769230769231 0.6189903846153846 0.04567307692307692 0.08653846153846154
1 0.4567307692307692 0.6237980769230769 0.04567307692307692 0.08653846153846154
1 0.49158653846153844 0.6225961538461539 0.040865384615384616 0.08653846153846154
1 0.5288461538461539 0.6262019230769231 0.040865384615384616 0.09375
1 0.5649038461538461 0.6237980769230769 0.04326923076923077 0.08413461538461539
1 0.6045673076923077 0.6262019230769231 0.040865384615384616 0.09375
1 0.6418269230769231 0.6262019230769231 0.040865384615384616 0.0889423076923077
1 0.6814903846153846 0.6334134615384616 0.040865384615384616 0.0889423076923077
1 0.7211538461538461 0.6358173076923077 0.04567307692307692 0.0889423076923077
0 0.7608173076923077 0.6370192307692307 0.04807692307692308 0.0889423076923077
1 0.8004807692307693 0.6370192307692307 0.04567307692307692 0.09615384615384616
1 0.8389423076923077 0.640625 0.05048076923076923 0.0985576923076923
0 0.8774038461538461 0.6382211538461539 0.04567307692307692 0.09615384615384616
1 0.9170673076923077 0.6370192307692307 0.052884615384615384 0.09375
1 0.052884615384615384 0.7247596153846154 0.06009615384615385 0.08173076923076923
0 0.09134615384615384 0.7295673076923077 0.0625 0.09134615384615384
1 0.13581730769230768 0.734375 0.06009615384615385 0.09375
1 0.17668269230769232 0.7355769230769231 0.06490384615384616 0.09615384615384616
0 0.22235576923076922 0.734375 0.06009615384615385 0.10096153846153846
0 0.2620192307692308 0.7355769230769231 0.06009615384615385 0.09375
1 0.3076923076923077 0.7367788461538461 0.057692307692307696 0.08653846153846154
0 0.3545673076923077 0.7427884615384616 0.057692307692307696 0.08653846153846154
0 0.39783653846153844 0.75 0.057692307692307696 0.0889423076923077
1 0.44350961538461536 0.7463942307692307 0.055288461538461536 0.0889423076923077
1 0.48677884615384615 0.7524038461538461 0.04567307692307692 0.09375
1 0.5288461538461539 0.7572115384615384 0.05048076923076923 0.09375