0 0.17427884615384615 0.25600961538461536 0.04326923076923077 0.07211538461538461
0 0.20192307692307693 0.25961538461538464 0.040865384615384616 0.07451923076923077
0 0.23076923076923078 0.2608173076923077 0.040865384615384616 0.07451923076923077
0 0.25841346153846156 0.2608173076923077 0.04326923076923077 0.07451923076923077
0 0.2860576923076923 0.2644230769230769 0.040865384615384616 0.07211538461538461
0 0.33052884615384615 0.2620192307692308 0.038461538461538464 0.07211538461538461
0 0.3605769230769231 0.26322115384615385 0.03125 0.0673076923076923
0 0.3894230769230769 0.2668269230769231 0.03125 0.07211538461538461
0 0.4170673076923077 0.2644230769230769 0.03125 0.07211538461538461
0 0.44591346153846156 0.2668269230769231 0.03365384615384615 0.0673076923076923
0 0.4735576923076923 0.265625 0.028846153846153848 0.06009615384615385
0 0.5036057692307693 0.2668269230769231 0.03125 0.0625
0 0.5348557692307693 0.26322115384615385 0.028846153846153848 0.06009615384615385
0 0.5649038461538461 0.2644230769230769 0.03365384615384615 0.0673076923076923
0 0.5973557692307693 0.265625 0.028846153846153848 0.0673076923076923
0 0.6262019230769231 0.265625 0.03125 0.06009615384615385
0 0.6586538461538461 0.265625 0.03125 0.06009615384615385
0 0.6899038461538461 0.26322115384615385 0.03125 0.057692307692307696
0 0.7235576923076923 0.2668269230769231 0.036057692307692304 0.0625
0 0.7548076923076923 0.2644230769230769 0.03365384615384615 0.06971153846153846
0 0.7836538461538461 0.265625 0.036057692307692304 0.06009615384615385
0 0.8161057692307693 0.2644230769230769 0.04326923076923077 0.07211538461538461
0 0.12740384615384615 0.3798076923076923 0.04807692307692308 0.0673076923076923
0 0.15625 0.3798076923076923 0.04807692307692308 0.07211538461538461
0 0.18509615384615385 0.38341346153846156 0.04567307692307692 0.07211538461538461
0 0.22115384615384615 0.38461538461538464 0.04567307692307692 0.0673076923076923
0 0.2548076923076923 0.3870192307692308 0.04326923076923077 0.06971153846153846
0 0.296875 0.3870192307692308 0.040865384615384616 0.06490384615384616
0 0.3245192307692308 0.38822115384615385 0.040865384615384616 0.06971153846153846
0 0.3629807692307692 0.38341346153846156 0.038461538461538464 0.0673076923076923
0 0.3918269230769231 0.3858173076923077 0.038461538461538464 0.06490384615384616
0 0.42427884615384615 0.3858173076923077 0.040865384615384616 0.07211538461538461
0 0.4579326923076923 0.3870192307692308 0.036057692307692304 0.0673076923076923
0 0.48677884615384615 0.38822115384615385 0.036057692307692304 0.0673076923076923
0 0.5204326923076923 0.38822115384615385 0.036057692307692304 0.07692307692307693
0 0.5540865384615384 0.390625 0.03365384615384615 0.0673076923076923
0 0.5877403846153846 0.38822115384615385 0.040865384615384616 0.07211538461538461
0 0.625 0.38461538461538464 0.036057692307692304 0.08173076923076923
0 0.6598557692307693 0.3918269230769231 0.038461538461538464 0.08173076923076923
0 0.6935096153846154 0.38822115384615385 0.04326923076923077 0.08413461538461539
0 0.7283653846153846 0.3918269230769231 0.038461538461538464 0.07692307692307693
0 0.7644230769230769 0.39302884615384615 0.04326923076923077 0.08413461538461539
0 0.8016826923076923 0.39302884615384615 0.040865384615384616 0.07932692307692307
0 0.8377403846153846 0.3954326923076923 0.04326923076923077 0.07451923076923077
0 0.10216346153846154 0.44591346153846156 0.04326923076923077 0.0889423076923077
0 0.13341346153846154 0.4495192307692308 0.052884615384615384 0.09134615384615384
0 0.16346153846153846 0.44591346153846156 0.04807692307692308 0.09375
0 0.19471153846153846 0.45552884615384615 0.04807692307692308 0.0889423076923077
0 0.2283653846153846 0.45552884615384615 0.04326923076923077 0.09134615384615384
0 0.2776442307692308 0.46153846153846156 0.036057692307692304 0.09375
0 0.3125 0.46033653846153844 0.05048076923076923 0.09375
0 0.34375 0.46153846153846156 0.04326923076923077 0.0889423076923077
0 0.3798076923076923 0.4579326923076923 0.04326923076923077 0.09375
0 0.41225961538461536 0.4639423076923077 0.036057692307692304 0.08413461538461539
0 0.4483173076923077 0.4651442307692308 0.038461538461538464 0.08413461538461539
0 0.4807692307692308 0.4675480769230769 0.038461538461538464 0.07932692307692307
0 0.5180288461538461 0.46634615384615385 0.03125 0.07932692307692307
0 0.5504807692307693 0.4675480769230769 0.038461538461538464 0.07932692307692307
0 0.5853365384615384 0.46875 0.036057692307692304 0.08173076923076923
0 0.6225961538461539 0.4675480769230769 0.038461538461538464 0.08173076923076923
0 0.6586538461538461 0.4723557692307692 0.038461538461538464 0.07932692307692307
0 0.6935096153846154 0.4723557692307692 0.04326923076923077 0.07451923076923077
0 0.7319711538461539 0.4735576923076923 0.038461538461538464 0.08413461538461539
0 0.7680288461538461 0.4723557692307692 0.04567307692307692 0.08413461538461539
0 0.8052884615384616 0.47596153846153844 0.040865384615384616 0.07692307692307693
0 0.8449519230769231 0.4699519230769231 0.05048076923076923 0.08413461538461539
0 0.036057692307692304 0.6153846153846154 0.052884615384615384 0.09375
0 0.06850961538461539 0.6189903846153846 0.052884615384615384 0.0889423076923077
0 0.10817307692307693 0.6213942307692307 0.052884615384615384 0.0889423076923077
0 0.14302884615384615 0.6201923076923077 0.04807692307692308 0.0889423076923077
0 0.17908653846153846 0.6274038461538461 0.05048076923076923 0.08413461538461539
0 0.23557692307692307 0.625 0.04567307692307692 0.07932692307692307
0 0.27283653846153844 0.6237980769230769 0.04807692307692308 0.0889423076923077
0 0.3125 0.6298076923076923 0.057692307692307696 0.09615384615384616
0 0.3485576923076923 0.6310096153846154 0.04807692307692308 0.0889423076923077
0 0.3858173076923077 0.6358173076923077 0.04807692307692308 0.09134615384615384
0 0.421875 0.6358173076923077 0.04326923076923077 0.09134615384615384
0 0.46153846153846156 0.6394230769230769 0.04326923076923077 0.0985576923076923
0 0.5 0.6370192307692307 0.04326923076923077 0.0889423076923077
0 0.5408653846153846 0.6394230769230769 0.04326923076923077 0.09615384615384616
0 0.5793269230769231 0.6382211538461539 0.04326923076923077 0.09375
0 0.6213942307692307 0.6466346153846154 0.04326923076923077 0.09375
0 0.6634615384615384 0.6502403846153846 0.04807692307692308 0.09375
0 0.7043269230769231 0.6490384615384616 0.05048076923076923 0.09375
0 0.7451923076923077 0.6502403846153846 0.04807692307692308 0.10096153846153846
0 0.7860576923076923 0.6538461538461539 0.052884615384615384 0.10336538461538461
0 0.8269230769230769 0.6514423076923077 0.04807692307692308 0.10096153846153846
0 0.8677884615384616 0.6514423076923077 0.057692307692307696 0.0985576923076923
0 0.018028846153846152 0.7475961538461539 0.036057692307692304 0.09615384615384616
1 0.04807692307692308 0.7524038461538461 0.0625 0.09615384615384616
1 0.09134615384615384 0.7536057692307693 0.06971153846153846 0.10096153846153846
0 0.13822115384615385 0.7536057692307693 0.0625 0.10576923076923077
0 0.18028846153846154 0.7548076923076923 0.0625 0.0985576923076923
0 0.2283653846153846 0.7548076923076923 0.06009615384615385 0.0889423076923077
0 0.2776442307692308 0.7608173076923077 0.06009615384615385 0.0889423076923077
0 0.3233173076923077 0.7692307692307693 0.06009615384615385 0.09375
0 0.3701923076923077 0.765625 0.057692307692307696 0.09375
0 0.4170673076923077 0.7716346153846154 0.04807692307692308 0.09615384615384616
0 0.46033653846153844 0.7764423076923077 0.052884615384615384 0.0985576923076923