0 0.828125 0.3629807692307692 0.05048076923076923 0.06971153846153846
0 0.8028846153846154 0.3581730769230769 0.05048076923076923 0.07451923076923077
0 0.7764423076923077 0.35216346153846156 0.05048076923076923 0.07451923076923077
0 0.7512019230769231 0.3449519230769231 0.052884615384615384 0.07451923076923077
0 0.7271634615384616 0.34134615384615385 0.04807692307692308 0.06971153846153846
0 0.6862980769230769 0.3269230769230769 0.04807692307692308 0.07211538461538461
0 0.6586538461538461 0.32091346153846156 0.040865384615384616 0.0673076923076923
0 0.6322115384615384 0.3161057692307692 0.040865384615384616 0.06971153846153846
0 0.6081730769230769 0.3076923076923077 0.04326923076923077 0.06971153846153846
0 0.5829326923076923 0.30288461538461536 0.04326923076923077 0.0673076923076923
0 0.5576923076923077 0.2932692307692308 0.038461538461538464 0.06009615384615385
0 0.5324519230769231 0.28725961538461536 0.040865384615384616 0.06490384615384616
0 0.5048076923076923 0.27524038461538464 0.038461538461538464 0.057692307692307696
0 0.47716346153846156 0.2704326923076923 0.04326923076923077 0.0673076923076923
0 0.44711538461538464 0.26322115384615385 0.038461538461538464 0.06490384615384616
0 0.4206730769230769 0.2548076923076923 0.040865384615384616 0.06009615384615385
0 0.39302884615384615 0.24759615384615385 0.040865384615384616 0.06009615384615385
0 0.36658653846153844 0.23798076923076922 0.038461538461538464 0.057692307692307696
0 0.33533653846153844 0.23197115384615385 0.04326923076923077 0.0625
0 0.30649038461538464 0.22115384615384615 0.04326923076923077 0.06971153846153846
0 0.28125 0.21514423076923078 0.04567307692307692 0.0625
0 0.2512019230769231 0.20552884615384615 0.05048076923076923 0.06971153846153846
0 0.8365384615384616 0.484375 0.057692307692307696 0.06971153846153846
0 0.8112980769230769 0.47716346153846156 0.055288461538461536 0.07211538461538461
0 0.7860576923076923 0.4723557692307692 0.055288461538461536 0.07451923076923077
0 0.7536057692307693 0.4639423076923077 0.055288461538461536 0.0673076923076923
0 0.7223557692307693 0.45913461538461536 0.05048076923076923 0.06971153846153846
0 0.6850961538461539 0.4483173076923077 0.04807692307692308 0.06490384615384616
0 0.6598557692307693 0.4411057692307692 0.05048076923076923 0.06971153846153846
0 0.6274038461538461 0.42788461538461536 0.04807692307692308 0.0673076923076923
0 0.5997596153846154 0.421875 0.04807692307692308 0.06490384615384616
0 0.5709134615384616 0.41346153846153844 0.05048076923076923 0.06971153846153846
0 0.5408653846153846 0.40625 0.04567307692307692 0.0673076923076923
0 0.515625 0.40024038461538464 0.04567307692307692 0.0673076923076923
0 0.484375 0.390625 0.04567307692307692 0.07451923076923077
0 0.453125 0.38461538461538464 0.04326923076923077 0.0673076923076923
0 0.4254807692307692 0.3737980769230769 0.05048076923076923 0.07211538461538461
0 0.3918269230769231 0.36177884615384615 0.04807692307692308 0.07932692307692307
0 0.359375 0.3581730769230769 0.05048076923076923 0.08173076923076923
0 0.33052884615384615 0.34615384615384615 0.055288461538461536 0.08173076923076923
0 0.2980769230769231 0.3401442307692308 0.04807692307692308 0.07692307692307693
0 0.265625 0.3329326923076923 0.055288461538461536 0.08413461538461539
0 0.23317307692307693 0.3233173076923077 0.05048076923076923 0.07932692307692307
0 0.20072115384615385 0.3161057692307692 0.052884615384615384 0.07451923076923077
0 0.8425480769230769 0.5504807692307693 0.055288461538461536 0.0889423076923077
0 0.8137019230769231 0.5456730769230769 0.06490384615384616 0.09134615384615384
0 0.7872596153846154 0.5348557692307693 0.06009615384615385 0.09375
0 0.7584134615384616 0.5360576923076923 0.06009615384615385 0.0889423076923077
0 0.7271634615384616 0.5252403846153846 0.055288461538461536 0.0889423076923077
0 0.6826923076923077 0.5180288461538461 0.05048076923076923 0.09375
0 0.6514423076923077 0.5084134615384616 0.0625 0.09375
0 0.625 0.5024038461538461 0.057692307692307696 0.08653846153846154
0 0.5925480769230769 0.49038461538461536 0.057692307692307696 0.09134615384615384
0 0.5625 0.48677884615384615 0.04807692307692308 0.08173076923076923
0 0.5288461538461539 0.47836538461538464 0.05048076923076923 0.08173076923076923
0 0.5 0.4723557692307692 0.05048076923076923 0.07932692307692307
0 0.4675480769230769 0.46153846153846156 0.04567307692307692 0.07692307692307693
0 0.4362980769230769 0.45552884615384615 0.04807692307692308 0.07932692307692307
0 0.40625 0.44711538461538464 0.04807692307692308 0.07932692307692307
0 0.3737980769230769 0.4362980769230769 0.05048076923076923 0.07932692307692307
0 0.3389423076923077 0.43149038461538464 0.04807692307692308 0.07932692307692307
0 0.3088942307692308 0.421875 0.052884615384615384 0.07451923076923077
0 0.27403846153846156 0.41346153846153844 0.05048076923076923 0.08173076923076923
0 0.24158653846153846 0.4026442307692308 0.057692307692307696 0.08413461538461539
0 0.20793269230769232 0.39783653846153844 0.052884615384615384 0.07692307692307693
0 0.17427884615384615 0.38100961538461536 0.06009615384615385 0.08413461538461539
0 0.859375 0.7175480769230769 0.0673076923076923 0.09375
0 0.828125 0.7127403846153846 0.06490384615384616 0.0889423076923077
0 0.7932692307692307 0.7043269230769231 0.06490384615384616 0.09134615384615384
0 0.7620192307692307 0.6959134615384616 0.06009615384615385 0.0889423076923077
0 0.7283653846153846 0.6923076923076923 0.06009615384615385 0.08413461538461539
0 0.6790865384615384 0.6754807692307693 0.055288461538461536 0.08173076923076923
0 0.6442307692307693 0.6658653846153846 0.06009615384615385 0.0889423076923077
0 0.6081730769230769 0.6610576923076923 0.06971153846153846 0.09615384615384616
0 0.5757211538461539 0.6526442307692307 0.06009615384615385 0.0889423076923077
0 0.5408653846153846 0.6478365384615384 0.06009615384615385 0.09134615384615384
0 0.5096153846153846 0.6370192307692307 0.055288461538461536 0.0889423076923077
0 0.4735576923076923 0.6310096153846154 0.057692307692307696 0.09615384615384616
0 0.43990384615384615 0.6189903846153846 0.057692307692307696 0.08653846153846154
0 0.4014423076923077 0.6105769230769231 0.057692307692307696 0.09615384615384616
0 0.36658653846153844 0.6009615384615384 0.057692307692307696 0.09134615384615384
0 0.328125 0.5961538461538461 0.057692307692307696 0.09134615384615384
0 0.29086538461538464 0.5889423076923077 0.0625 0.09375
0 0.2536057692307692 0.5769230769230769 0.0625 0.09134615384615384
0 0.21634615384615385 0.5685096153846154 0.0625 0.0985576923076923
0 0.17908653846153846 0.5612980769230769 0.0673076923076923 0.10096153846153846
0 0.14423076923076922 0.5492788461538461 0.0625 0.0985576923076923
0 0.10697115384615384 0.5372596153846154 0.06971153846153846 0.0985576923076923
0 0.8918269230769231 0.8509615384615384 0.07211538461538461 0.08653846153846154
0 0.8545673076923077 0.8449519230769231 0.07692307692307693 0.0985576923076923
0 0.8137019230769231 0.8365384615384616 0.07692307692307693 0.10096153846153846
1 0.7740384615384616 0.8269230769230769 0.08173076923076923 0.10336538461538461
0 0.7319711538461539 0.8149038461538461 0.07692307692307693 0.10576923076923077
0 0.6935096153846154 0.8052884615384616 0.07451923076923077 0.10096153846153846
1 0.6514423076923077 0.7932692307692307 0.07211538461538461 0.09134615384615384
0 0.6057692307692307 0.7860576923076923 0.07211538461538461 0.09134615384615384
0 0.5637019230769231 0.7824519230769231 0.07211538461538461 0.09615384615384616
0 0.5216346153846154 0.7668269230769231 0.06971153846153846 0.09375
0 0.4795673076923077 0.7596153846153846 0.0625 0.09615384615384616
0 0.4387019230769231 0.7536057692307693 0.0673076923076923 0.0985576923076923