0 0.8052884615384616 0.3112980769230769 0.04326923076923077 0.0673076923076923
0 0.7788461538461539 0.31009615384615385 0.04326923076923077 0.07211538461538461
0 0.7524038461538461 0.3076923076923077 0.040865384615384616 0.07211538461538461
0 0.7259615384615384 0.30408653846153844 0.04326923076923077 0.07211538461538461
1 0.7007211538461539 0.30288461538461536 0.040865384615384616 0.0673076923076923
1 0.6598557692307693 0.29447115384615385 0.040865384615384616 0.06971153846153846
0 0.6310096153846154 0.2920673076923077 0.03365384615384615 0.06490384615384616
0 0.6045673076923077 0.2920673076923077 0.03365384615384615 0.0673076923076923
0 0.5793269230769231 0.2860576923076923 0.03365384615384615 0.06971153846153846
1 0.5516826923076923 0.2860576923076923 0.036057692307692304 0.06490384615384616
0 0.5264423076923077 0.2800480769230769 0.03125 0.057692307692307696
1 0.4987980769230769 0.2776442307692308 0.03365384615384615 0.0625
0 0.47115384615384615 0.2692307692307692 0.03125 0.055288461538461536
0 0.4423076923076923 0.2668269230769231 0.036057692307692304 0.06490384615384616
0 0.41225961538461536 0.26322115384615385 0.03125 0.0625
0 0.38461538461538464 0.25961538461538464 0.03365384615384615 0.057692307692307696
1 0.3557692307692308 0.25600961538461536 0.03365384615384615 0.057692307692307696
1 0.3269230769230769 0.2512019230769231 0.03365384615384615 0.055288461538461536
1 0.2956730769230769 0.24879807692307693 0.036057692307692304 0.06009615384615385
0 0.265625 0.24158653846153846 0.036057692307692304 0.0673076923076923
0 0.23918269230769232 0.23918269230769232 0.038461538461538464 0.057692307692307696
1 0.2091346153846154 0.23317307692307693 0.04326923076923077 0.0673076923076923
0 0.8317307692307693 0.43028846153846156 0.05048076923076923 0.06490384615384616
0 0.8052884615384616 0.4254807692307692 0.05048076923076923 0.06971153846153846
1 0.7776442307692307 0.4254807692307692 0.04567307692307692 0.06971153846153846
0 0.7451923076923077 0.421875 0.04807692307692308 0.06490384615384616
1 0.7127403846153846 0.41947115384615385 0.04567307692307692 0.0673076923076923
1 0.6742788461538461 0.41586538461538464 0.040865384615384616 0.0625
0 0.6478365384615384 0.4110576923076923 0.04326923076923077 0.06490384615384616
1 0.6141826923076923 0.4014423076923077 0.040865384615384616 0.0625
0 0.5865384615384616 0.4014423076923077 0.040865384615384616 0.0625
0 0.5564903846153846 0.39663461538461536 0.04326923076923077 0.0673076923076923
0 0.5252403846153846 0.39302884615384615 0.040865384615384616 0.06490384615384616
0 0.49759615384615385 0.390625 0.038461538461538464 0.06490384615384616
0 0.46634615384615385 0.3870192307692308 0.036057692307692304 0.07211538461538461
1 0.43509615384615385 0.38461538461538464 0.036057692307692304 0.06490384615384616
0 0.4050480769230769 0.37740384615384615 0.04326923076923077 0.06971153846153846
0 0.3713942307692308 0.36899038461538464 0.038461538461538464 0.07692307692307693
0 0.33653846153846156 0.3713942307692308 0.040865384615384616 0.07932692307692307
0 0.30649038461538464 0.3641826923076923 0.04567307692307692 0.07932692307692307
0 0.27403846153846156 0.3629807692307692 0.040865384615384616 0.07451923076923077
0 0.2403846153846154 0.359375 0.04567307692307692 0.07932692307692307
0 0.20673076923076922 0.3545673076923077 0.04326923076923077 0.07692307692307693
0 0.17307692307692307 0.35216346153846156 0.04567307692307692 0.07211538461538461
1 0.8461538461538461 0.4951923076923077 0.04567307692307692 0.08413461538461539
1 0.8161057692307693 0.49399038461538464 0.055288461538461536 0.08653846153846154
1 0.7884615384615384 0.48677884615384615 0.05048076923076923 0.09134615384615384
1 0.7596153846153846 0.49278846153846156 0.05048076923076923 0.08653846153846154
1 0.7283653846153846 0.48677884615384615 0.04807692307692308 0.08653846153846154
1 0.6814903846153846 0.4855769230769231 0.040865384615384616 0.09134615384615384
1 0.6490384615384616 0.4795673076923077 0.052884615384615384 0.09134615384615384
1 0.6213942307692307 0.47836538461538464 0.04567307692307692 0.08413461538461539
1 0.5877403846153846 0.4699519230769231 0.04807692307692308 0.0889423076923077
1 0.5576923076923077 0.47115384615384615 0.038461538461538464 0.07932692307692307
1 0.5240384615384616 0.4675480769230769 0.040865384615384616 0.07932692307692307
1 0.49399038461538464 0.4651442307692308 0.040865384615384616 0.07692307692307693
1 0.45913461538461536 0.45913461538461536 0.036057692307692304 0.07692307692307693
1 0.42788461538461536 0.4579326923076923 0.040865384615384616 0.07692307692307693
1 0.39663461538461536 0.453125 0.038461538461538464 0.07692307692307693
1 0.3629807692307692 0.44711538461538464 0.040865384615384616 0.07692307692307693
1 0.328125 0.44711538461538464 0.040865384615384616 0.07692307692307693
0 0.2956730769230769 0.4411057692307692 0.04326923076923077 0.07211538461538461
1 0.2608173076923077 0.4387019230769231 0.040865384615384616 0.07932692307692307
1 0.2283653846153846 0.43149038461538464 0.04807692307692308 0.07932692307692307
1 0.1935096153846154 0.43149038461538464 0.04326923076923077 0.07211538461538461
1 0.15625 0.4206730769230769 0.05048076923076923 0.08173076923076923
1 0.8858173076923077 0.6586538461538461 0.055288461538461536 0.09134615384615384
1 0.8545673076923077 0.6586538461538461 0.055288461538461536 0.08413461538461539
1 0.8185096153846154 0.6550480769230769 0.052884615384615384 0.08653846153846154
1 0.7848557692307693 0.6490384615384616 0.05048076923076923 0.08413461538461539
1 0.7512019230769231 0.6526442307692307 0.05048076923076923 0.08173076923076923
1 0.6995192307692307 0.6430288461538461 0.04807692307692308 0.07692307692307693
1 0.6646634615384616 0.6370192307692307 0.05048076923076923 0.08413461538461539
1 0.6274038461538461 0.6370192307692307 0.06009615384615385 0.09134615384615384
1 0.5949519230769231 0.6334134615384616 0.05048076923076923 0.08653846153846154
1 0.5600961538461539 0.6334134615384616 0.052884615384615384 0.08653846153846154
1 0.5264423076923077 0.6286057692307693 0.04567307692307692 0.08653846153846154
0 0.4891826923076923 0.6262019230769231 0.04807692307692308 0.09375
1 0.453125 0.6201923076923077 0.04567307692307692 0.08413461538461539
1 0.41466346153846156 0.6165865384615384 0.04567307692307692 0.09134615384615384
1 0.3798076923076923 0.6105769230769231 0.04567307692307692 0.08653846153846154
1 0.3401442307692308 0.6129807692307693 0.04807692307692308 0.08653846153846154
1 0.3016826923076923 0.609375 0.052884615384615384 0.09134615384615384
1 0.26322115384615385 0.6045673076923077 0.052884615384615384 0.0889423076923077
1 0.2247596153846154 0.5997596153846154 0.05048076923076923 0.09615384615384616
1 0.18629807692307693 0.5973557692307693 0.055288461538461536 0.0985576923076923
1 0.15144230769230768 0.5901442307692307 0.052884615384615384 0.09615384615384616
1 0.11177884615384616 0.5841346153846154 0.06009615384615385 0.09375
1 0.9362980769230769 0.7860576923076923 0.0625 0.08173076923076923
0 0.8990384615384616 0.7860576923076923 0.0673076923076923 0.09375
1 0.8557692307692307 0.7836538461538461 0.06490384615384616 0.09375
1 0.8161057692307693 0.7800480769230769 0.06971153846153846 0.09615384615384616
0 0.7728365384615384 0.7728365384615384 0.06490384615384616 0.10096153846153846
0 0.734375 0.7692307692307693 0.06490384615384616 0.09615384615384616
1 0.6887019230769231 0.7632211538461539 0.0625 0.08653846153846154
0 0.6430288461538461 0.7620192307692307 0.0625 0.08653846153846154
0 0.5997596153846154 0.7644230769230769 0.0625 0.09134615384615384
1 0.5564903846153846 0.7548076923076923 0.06009615384615385 0.0889423076923077
1 0.5132211538461539 0.7536057692307693 0.052884615384615384 0.09375
1 0.4723557692307692 0.7536057692307693 0.057692307692307696 0.09375