0 0.8100961538461539 0.32211538461538464 0.04807692307692308 0.07211538461538461
0 0.7824519230769231 0.31971153846153844 0.04807692307692308 0.07692307692307693
0 0.7560096153846154 0.31490384615384615 0.04807692307692308 0.07692307692307693
0 0.7283653846153846 0.31009615384615385 0.04807692307692308 0.07692307692307693
0 0.7019230769230769 0.3076923076923077 0.04567307692307692 0.07211538461538461
0 0.6598557692307693 0.2980769230769231 0.04567307692307692 0.07211538461538461
0 0.6298076923076923 0.2932692307692308 0.040865384615384616 0.06971153846153846
0 0.6009615384615384 0.29086538461538464 0.038461538461538464 0.07211538461538461
0 0.5757211538461539 0.2848557692307692 0.038461538461538464 0.07211538461538461
0 0.5480769230769231 0.28125 0.040865384615384616 0.06971153846153846
0 0.5216346153846154 0.27403846153846156 0.036057692307692304 0.0625
0 0.49278846153846156 0.2704326923076923 0.038461538461538464 0.06490384615384616
0 0.4639423076923077 0.2608173076923077 0.036057692307692304 0.06009615384615385
0 0.4338942307692308 0.25600961538461536 0.040865384615384616 0.06971153846153846
0 0.4026442307692308 0.2512019230769231 0.036057692307692304 0.0673076923076923
0 0.375 0.24519230769230768 0.038461538461538464 0.0625
0 0.34375 0.2403846153846154 0.038461538461538464 0.0625
0 0.31490384615384615 0.23197115384615385 0.038461538461538464 0.06009615384615385
0 0.2824519230769231 0.22956730769230768 0.040865384615384616 0.06490384615384616
0 0.2512019230769231 0.22115384615384615 0.040865384615384616 0.07211538461538461
0 0.22355769230769232 0.21634615384615385 0.04326923076923077 0.0625
0 0.1935096153846154 0.2091346153846154 0.04807692307692308 0.07211538461538461
0 0.8305288461538461 0.4483173076923077 0.055288461538461536 0.07211538461538461
0 0.8040865384615384 0.4423076923076923 0.055288461538461536 0.07451923076923077
0 0.7764423076923077 0.43990384615384615 0.05048076923076923 0.07451923076923077
0 0.7415865384615384 0.43509615384615385 0.052884615384615384 0.0673076923076923
0 0.7079326923076923 0.43028846153846156 0.05048076923076923 0.07211538461538461
0 0.6682692307692307 0.42427884615384615 0.04807692307692308 0.0673076923076923
0 0.6418269230769231 0.41947115384615385 0.04807692307692308 0.07211538461538461
0 0.6057692307692307 0.4074519230769231 0.04567307692307692 0.0673076923076923
0 0.5769230769230769 0.4050480769230769 0.04567307692307692 0.0673076923076923
0 0.546875 0.39903846153846156 0.04807692307692308 0.07211538461538461
0 0.5144230769230769 0.39302884615384615 0.04567307692307692 0.06971153846153846
0 0.4855769230769231 0.3894230769230769 0.04326923076923077 0.06971153846153846
0 0.453125 0.38221153846153844 0.04326923076923077 0.07692307692307693
0 0.4206730769230769 0.3786057692307692 0.04326923076923077 0.06971153846153846
0 0.3894230769230769 0.3701923076923077 0.04807692307692308 0.07451923076923077
0 0.35336538461538464 0.359375 0.04326923076923077 0.08173076923076923
0 0.31850961538461536 0.359375 0.04567307692307692 0.08413461538461539
0 0.28725961538461536 0.34975961538461536 0.05048076923076923 0.08413461538461539
0 0.25240384615384615 0.34615384615384615 0.04567307692307692 0.07932692307692307
0 0.21875 0.34134615384615385 0.052884615384615384 0.08653846153846154
0 0.18269230769230768 0.33533653846153844 0.04807692307692308 0.08173076923076923
0 0.14903846153846154 0.33052884615384615 0.05048076923076923 0.07692307692307693
0 0.8425480769230769 0.5168269230769231 0.052884615384615384 0.09134615384615384
0 0.8125 0.5144230769230769 0.06009615384615385 0.09375
0 0.7836538461538461 0.5060096153846154 0.057692307692307696 0.09615384615384616
0 0.7524038461538461 0.5084134615384616 0.055288461538461536 0.09134615384615384
0 0.7199519230769231 0.5024038461538461 0.052884615384615384 0.09134615384615384
0 0.671875 0.49759615384615385 0.04567307692307692 0.09615384615384616
0 0.6394230769230769 0.49038461538461536 0.06009615384615385 0.09615384615384616
0 0.609375 0.48677884615384615 0.052884615384615384 0.0889423076923077
0 0.5757211538461539 0.47716346153846156 0.055288461538461536 0.09615384615384616
0 0.5444711538461539 0.47596153846153844 0.04567307692307692 0.08413461538461539
0 0.5084134615384616 0.47115384615384615 0.04807692307692308 0.08413461538461539
0 0.47716346153846156 0.4675480769230769 0.04567307692307692 0.08173076923076923
0 0.4423076923076923 0.4579326923076923 0.040865384615384616 0.07932692307692307
0 0.4098557692307692 0.4543269230769231 0.04567307692307692 0.08173076923076923
0 0.3762019230769231 0.4483173076923077 0.04326923076923077 0.08173076923076923
0 0.34134615384615385 0.43990384615384615 0.04567307692307692 0.08173076923076923
0 0.30528846153846156 0.4375 0.04567307692307692 0.08173076923076923
0 0.27283653846153844 0.43149038461538464 0.04807692307692308 0.07692307692307693
0 0.23557692307692307 0.4254807692307692 0.04567307692307692 0.08413461538461539
0 0.20072115384615385 0.4170673076923077 0.052884615384615384 0.08413461538461539
0 0.16466346153846154 0.41346153846153844 0.05048076923076923 0.07932692307692307
0 0.12740384615384615 0.4014423076923077 0.057692307692307696 0.08653846153846154
0 0.875 0.6899038461538461 0.0625 0.09615384615384616
0 0.84375 0.6887019230769231 0.0625 0.09134615384615384
0 0.8052884615384616 0.6838942307692307 0.06009615384615385 0.09134615384615384
0 0.7716346153846154 0.6754807692307693 0.057692307692307696 0.0889423076923077
0 0.7355769230769231 0.6766826923076923 0.057692307692307696 0.08653846153846154
0 0.6826923076923077 0.6634615384615384 0.052884615384615384 0.08173076923076923
0 0.6454326923076923 0.65625 0.055288461538461536 0.0889423076923077
0 0.6069711538461539 0.6538461538461539 0.06490384615384616 0.0985576923076923
0 0.5733173076923077 0.6478365384615384 0.057692307692307696 0.09134615384615384
0 0.5360576923076923 0.6454326923076923 0.057692307692307696 0.09134615384615384
0 0.5024038461538461 0.6394230769230769 0.05048076923076923 0.09134615384615384
0 0.4639423076923077 0.6358173076923077 0.052884615384615384 0.10096153846153846
0 0.42788461538461536 0.625 0.052884615384615384 0.0889423076923077
0 0.3870192307692308 0.6213942307692307 0.052884615384615384 0.0985576923076923
0 0.34975961538461536 0.6129807692307693 0.052884615384615384 0.09375
0 0.3076923076923077 0.6117788461538461 0.052884615384615384 0.09375
0 0.2692307692307692 0.6081730769230769 0.057692307692307696 0.09615384615384616
0 0.2283653846153846 0.5997596153846154 0.06009615384615385 0.09615384615384616
0 0.18990384615384615 0.5925480769230769 0.057692307692307696 0.10096153846153846
0 0.14903846153846154 0.5889423076923077 0.0625 0.10576923076923077
0 0.11177884615384616 0.578125 0.06009615384615385 0.10096153846153846
0 0.07211538461538461 0.5697115384615384 0.06490384615384616 0.10096153846153846
0 0.921875 0.8269230769230769 0.06971153846153846 0.0889423076923077
0 0.8834134615384616 0.8245192307692307 0.07451923076923077 0.0985576923076923
0 0.8377403846153846 0.8197115384615384 0.07211538461538461 0.10096153846153846
1 0.7956730769230769 0.8137019230769231 0.07692307692307693 0.10576923076923077
0 0.7512019230769231 0.8040865384615384 0.07211538461538461 0.10817307692307693
0 0.7103365384615384 0.796875 0.07211538461538461 0.10336538461538461
0 0.6646634615384616 0.7872596153846154 0.06971153846153846 0.09375
0 0.6165865384615384 0.7848557692307693 0.06971153846153846 0.09375
0 0.5721153846153846 0.7848557692307693 0.06971153846153846 0.0985576923076923
0 0.5264423076923077 0.7716346153846154 0.0673076923076923 0.09615384615384616
0 0.48197115384615385 0.7692307692307693 0.057692307692307696 0.0985576923076923
0 0.4387019230769231 0.7668269230769231 0.0625 0.10096153846153846