0 0.7295673076923077 0.23557692307692307 0.04807692307692308 0.06971153846153846
0 0.7043269230769231 0.24158653846153846 0.04807692307692308 0.07451923076923077
0 0.6778846153846154 0.24639423076923078 0.04567307692307692 0.07451923076923077
0 0.6526442307692307 0.24879807692307693 0.04807692307692308 0.07451923076923077
0 0.6262019230769231 0.25600961538461536 0.04567307692307692 0.06971153846153846
0 0.5853365384615384 0.25961538461538464 0.04567307692307692 0.07211538461538461
0 0.5576923076923077 0.265625 0.038461538461538464 0.06490384615384616
0 0.53125 0.27283653846153844 0.038461538461538464 0.06971153846153846
0 0.5060096153846154 0.27283653846153844 0.038461538461538464 0.06971153846153846
0 0.4795673076923077 0.27884615384615385 0.038461538461538464 0.0673076923076923
0 0.453125 0.2824519230769231 0.03365384615384615 0.057692307692307696
0 0.4254807692307692 0.28725961538461536 0.038461538461538464 0.0625
0 0.39663461538461536 0.2860576923076923 0.03365384615384615 0.057692307692307696
0 0.36899038461538464 0.2920673076923077 0.040865384615384616 0.06490384615384616
0 0.3389423076923077 0.2980769230769231 0.036057692307692304 0.06490384615384616
0 0.3125 0.3016826923076923 0.036057692307692304 0.06009615384615385
0 0.2824519230769231 0.30649038461538464 0.036057692307692304 0.06009615384615385
0 0.2536057692307692 0.3076923076923077 0.036057692307692304 0.057692307692307696
0 0.22355769230769232 0.3161057692307692 0.040865384615384616 0.0625
0 0.1935096153846154 0.3173076923076923 0.040865384615384616 0.06971153846153846
0 0.1658653846153846 0.32211538461538464 0.040865384615384616 0.06009615384615385
0 0.13581730769230768 0.3245192307692308 0.04807692307692308 0.06971153846153846
0 0.7872596153846154 0.3425480769230769 0.052884615384615384 0.0673076923076923
0 0.7620192307692307 0.3449519230769231 0.052884615384615384 0.07211538461538461
0 0.7355769230769231 0.35216346153846156 0.05048076923076923 0.07211538461538461
0 0.7019230769230769 0.3581730769230769 0.05048076923076923 0.0673076923076923
0 0.6706730769230769 0.36538461538461536 0.04807692307692308 0.0673076923076923
0 0.6322115384615384 0.3713942307692308 0.04567307692307692 0.06490384615384616
0 0.6069711538461539 0.375 0.04567307692307692 0.0673076923076923
0 0.5709134615384616 0.375 0.04567307692307692 0.06490384615384616
0 0.5444711538461539 0.38221153846153844 0.04567307692307692 0.06490384615384616
0 0.515625 0.3858173076923077 0.04567307692307692 0.06971153846153846
0 0.4831730769230769 0.390625 0.04326923076923077 0.0673076923076923
0 0.4579326923076923 0.39663461538461536 0.04326923076923077 0.06490384615384616
0 0.4254807692307692 0.4014423076923077 0.040865384615384616 0.07451923076923077
0 0.3942307692307692 0.4074519230769231 0.040865384615384616 0.06490384615384616
0 0.3629807692307692 0.4098557692307692 0.04807692307692308 0.07211538461538461
0 0.328125 0.4110576923076923 0.04326923076923077 0.07932692307692307
0 0.296875 0.4206730769230769 0.04567307692307692 0.07932692307692307
0 0.265625 0.4230769230769231 0.05048076923076923 0.08173076923076923
0 0.234375 0.43149038461538464 0.04567307692307692 0.07692307692307693
0 0.20072115384615385 0.4362980769230769 0.05048076923076923 0.08173076923076923
0 0.1658653846153846 0.4411057692307692 0.04807692307692308 0.07932692307692307
0 0.13341346153846154 0.4483173076923077 0.05048076923076923 0.07451923076923077
0 0.8209134615384616 0.40024038461538464 0.052884615384615384 0.08653846153846154
0 0.7908653846153846 0.40865384615384615 0.06009615384615385 0.0889423076923077
0 0.7620192307692307 0.40865384615384615 0.055288461538461536 0.09134615384615384
0 0.7367788461538461 0.421875 0.055288461538461536 0.0889423076923077
0 0.7043269230769231 0.4254807692307692 0.052884615384615384 0.0889423076923077
0 0.6598557692307693 0.4362980769230769 0.04567307692307692 0.09134615384615384
0 0.6274038461538461 0.43990384615384615 0.057692307692307696 0.09375
0 0.5985576923076923 0.44591346153846156 0.052884615384615384 0.08653846153846154
0 0.5649038461538461 0.4483173076923077 0.052884615384615384 0.09134615384615384
0 0.5360576923076923 0.4567307692307692 0.04326923076923077 0.08173076923076923
0 0.5024038461538461 0.46274038461538464 0.04567307692307692 0.08173076923076923
0 0.4735576923076923 0.46875 0.04567307692307692 0.07692307692307693
0 0.4387019230769231 0.47115384615384615 0.040865384615384616 0.07692307692307693
0 0.40865384615384615 0.4795673076923077 0.04567307692307692 0.07692307692307693
0 0.3762019230769231 0.484375 0.04326923076923077 0.07932692307692307
0 0.3425480769230769 0.4879807692307692 0.04567307692307692 0.07932692307692307
0 0.3088942307692308 0.49759615384615385 0.04567307692307692 0.07692307692307693
0 0.2764423076923077 0.5 0.04807692307692308 0.07451923076923077
0 0.24158653846153846 0.5060096153846154 0.04567307692307692 0.07932692307692307
0 0.20793269230769232 0.5096153846153846 0.052884615384615384 0.08173076923076923
0 0.17548076923076922 0.5180288461538461 0.04807692307692308 0.07451923076923077
0 0.13581730769230768 0.5192307692307693 0.055288461538461536 0.08413461538461539
0 0.9026442307692307 0.546875 0.06009615384615385 0.09375
0 0.8737980769230769 0.5552884615384616 0.06009615384615385 0.08653846153846154
0 0.8365384615384616 0.5625 0.06009615384615385 0.0889423076923077
0 0.8040865384615384 0.5661057692307693 0.057692307692307696 0.08653846153846154
0 0.7728365384615384 0.578125 0.055288461538461536 0.08413461538461539
0 0.7199519230769231 0.5829326923076923 0.052884615384615384 0.07932692307692307
0 0.6850961538461539 0.5865384615384616 0.055288461538461536 0.08653846153846154
0 0.6490384615384616 0.5973557692307693 0.06490384615384616 0.09615384615384616
0 0.6153846153846154 0.6033653846153846 0.057692307692307696 0.0889423076923077
0 0.5817307692307693 0.6129807692307693 0.057692307692307696 0.0889423076923077
0 0.5492788461538461 0.6165865384615384 0.05048076923076923 0.0889423076923077
0 0.5132211538461539 0.625 0.052884615384615384 0.09615384615384616
0 0.47716346153846156 0.6274038461538461 0.052884615384615384 0.08653846153846154
0 0.43990384615384615 0.6358173076923077 0.052884615384615384 0.09375
0 0.40384615384615385 0.640625 0.05048076923076923 0.0889423076923077
0 0.36538461538461536 0.6514423076923077 0.052884615384615384 0.0889423076923077
0 0.328125 0.6610576923076923 0.057692307692307696 0.09375
0 0.28966346153846156 0.6646634615384616 0.057692307692307696 0.09134615384615384
0 0.25240384615384615 0.671875 0.057692307692307696 0.09615384615384616
0 0.21514423076923078 0.6814903846153846 0.0625 0.10096153846153846
0 0.17668269230769232 0.6838942307692307 0.057692307692307696 0.0985576923076923
0 0.13942307692307693 0.6887019230769231 0.06490384615384616 0.0985576923076923
0 0.9771634615384616 0.65625 0.04567307692307692 0.08653846153846154
0 0.9519230769230769 0.6658653846153846 0.07211538461538461 0.09615384615384616
0 0.9098557692307693 0.6754807692307693 0.07211538461538461 0.0985576923076923
1 0.8689903846153846 0.6826923076923077 0.07692307692307693 0.10096153846153846
0 0.8257211538461539 0.6875 0.07211538461538461 0.10336538461538461
0 0.7872596153846154 0.6947115384615384 0.06971153846153846 0.0985576923076923
1 0.7427884615384616 0.7007211538461539 0.0673076923076923 0.0889423076923077
0 0.6983173076923077 0.7127403846153846 0.0673076923076923 0.0889423076923077
0 0.6586538461538461 0.7271634615384616 0.0673076923076923 0.09375
0 0.6129807692307693 0.7295673076923077 0.06490384615384616 0.09134615384615384
0 0.5721153846153846 0.7403846153846154 0.057692307692307696 0.09615384615384616
0 0.5324519230769231 0.7512019230769231 0.0625 0.09615384615384616