0 0.8137019230769231 0.22235576923076922 0.040865384615384616 0.06971153846153846
0 0.7860576923076923 0.22596153846153846 0.040865384615384616 0.07451923076923077
0 0.7572115384615384 0.22596153846153846 0.038461538461538464 0.07451923076923077
0 0.7307692307692307 0.22596153846153846 0.040865384615384616 0.07451923076923077
1 0.703125 0.22956730769230768 0.038461538461538464 0.06971153846153846
1 0.6598557692307693 0.22716346153846154 0.038461538461538464 0.07211538461538461
1 0.6298076923076923 0.2283653846153846 0.03125 0.06490384615384616
0 0.6021634615384616 0.23197115384615385 0.03125 0.06971153846153846
0 0.5757211538461539 0.23076923076923078 0.03125 0.06971153846153846
1 0.546875 0.23197115384615385 0.03125 0.0673076923076923
0 0.5192307692307693 0.23076923076923078 0.028846153846153848 0.06009615384615385
1 0.49038461538461536 0.23197115384615385 0.03125 0.0625
0 0.46033653846153844 0.2283653846153846 0.028846153846153848 0.057692307692307696
0 0.43028846153846156 0.22956730769230768 0.03365384615384615 0.06490384615384616
1 0.39783653846153844 0.23076923076923078 0.028846153846153848 0.06490384615384616
0 0.3701923076923077 0.23076923076923078 0.03125 0.06009615384615385
1 0.33774038461538464 0.23197115384615385 0.03125 0.06009615384615385
1 0.3076923076923077 0.2283653846153846 0.03125 0.057692307692307696
1 0.27524038461538464 0.23197115384615385 0.03365384615384615 0.06009615384615385
0 0.24278846153846154 0.22956730769230768 0.03125 0.06971153846153846
0 0.21514423076923078 0.23076923076923078 0.036057692307692304 0.06009615384615385
1 0.18269230769230768 0.22956730769230768 0.040865384615384616 0.06971153846153846
0 0.8581730769230769 0.34375 0.04807692307692308 0.0673076923076923
0 0.8317307692307693 0.3425480769230769 0.04567307692307692 0.06971153846153846
1 0.8028846153846154 0.34615384615384615 0.04567307692307692 0.07211538461538461
0 0.7680288461538461 0.3473557692307692 0.04567307692307692 0.06490384615384616
1 0.7331730769230769 0.34975961538461536 0.040865384615384616 0.0673076923076923
1 0.6935096153846154 0.34975961538461536 0.040865384615384616 0.06490384615384616
0 0.6658653846153846 0.35096153846153844 0.040865384615384616 0.0673076923076923
1 0.6286057692307693 0.34615384615384615 0.038461538461538464 0.06490384615384616
0 0.5997596153846154 0.3485576923076923 0.038461538461538464 0.06490384615384616
0 0.5685096153846154 0.3485576923076923 0.040865384615384616 0.06971153846153846
0 0.5348557692307693 0.34975961538461536 0.036057692307692304 0.0673076923076923
0 0.5072115384615384 0.35096153846153844 0.036057692307692304 0.06490384615384616
0 0.4735576923076923 0.35096153846153844 0.036057692307692304 0.07451923076923077
1 0.43990384615384615 0.35336538461538464 0.03365384615384615 0.06490384615384616
0 0.4074519230769231 0.35096153846153844 0.040865384615384616 0.07211538461538461
0 0.3701923076923077 0.3473557692307692 0.036057692307692304 0.07932692307692307
1 0.33653846153846156 0.3545673076923077 0.036057692307692304 0.08173076923076923
0 0.30408653846153844 0.35096153846153844 0.040865384615384616 0.08173076923076923
0 0.2692307692307692 0.3545673076923077 0.038461538461538464 0.07692307692307693
0 0.234375 0.3557692307692308 0.04326923076923077 0.08413461538461539
0 0.19831730769230768 0.3557692307692308 0.038461538461538464 0.07932692307692307
0 0.1622596153846154 0.3581730769230769 0.04326923076923077 0.07451923076923077
1 0.8846153846153846 0.40865384615384615 0.04326923076923077 0.0889423076923077
1 0.8533653846153846 0.41225961538461536 0.05048076923076923 0.0889423076923077
1 0.8221153846153846 0.40865384615384615 0.04567307692307692 0.09134615384615384
1 0.7932692307692307 0.4170673076923077 0.04807692307692308 0.0889423076923077
1 0.7596153846153846 0.41586538461538464 0.04326923076923077 0.0889423076923077
1 0.7115384615384616 0.4230769230769231 0.036057692307692304 0.09375
1 0.6766826923076923 0.421875 0.04807692307692308 0.09134615384615384
1 0.6478365384615384 0.42427884615384615 0.04326923076923077 0.08653846153846154
1 0.6117788461538461 0.4206730769230769 0.04326923076923077 0.09134615384615384
1 0.5805288461538461 0.4266826923076923 0.036057692307692304 0.08173076923076923
0 0.5444711538461539 0.42788461538461536 0.038461538461538464 0.08413461538461539
1 0.5132211538461539 0.43028846153846156 0.038461538461538464 0.07932692307692307
1 0.47596153846153844 0.42788461538461536 0.03125 0.07692307692307693
1 0.44350961538461536 0.43028846153846156 0.038461538461538464 0.07692307692307693
1 0.4098557692307692 0.43149038461538464 0.03365384615384615 0.07932692307692307
1 0.3737980769230769 0.42908653846153844 0.036057692307692304 0.07932692307692307
1 0.33774038461538464 0.4338942307692308 0.036057692307692304 0.07692307692307693
0 0.30408653846153844 0.4326923076923077 0.040865384615384616 0.07451923076923077
1 0.2668269230769231 0.43509615384615385 0.038461538461538464 0.08173076923076923
1 0.23076923076923078 0.4338942307692308 0.04567307692307692 0.08173076923076923
1 0.19471153846153846 0.4375 0.040865384615384616 0.07692307692307693
1 0.15504807692307693 0.43149038461538464 0.04807692307692308 0.08413461538461539
1 0.9483173076923077 0.5733173076923077 0.052884615384615384 0.09134615384615384
1 0.9158653846153846 0.578125 0.052884615384615384 0.08653846153846154
1 0.8774038461538461 0.5793269230769231 0.05048076923076923 0.0889423076923077
1 0.8425480769230769 0.578125 0.04807692307692308 0.08653846153846154
1 0.8088942307692307 0.5853365384615384 0.04807692307692308 0.08413461538461539
1 0.7536057692307693 0.5841346153846154 0.04567307692307692 0.07932692307692307
1 0.7163461538461539 0.5829326923076923 0.04807692307692308 0.08653846153846154
1 0.6778846153846154 0.5889423076923077 0.055288461538461536 0.09375
1 0.6418269230769231 0.5901442307692307 0.04807692307692308 0.0889423076923077
1 0.6057692307692307 0.5949519230769231 0.04807692307692308 0.0889423076923077
1 0.5709134615384616 0.59375 0.040865384615384616 0.0889423076923077
1 0.5324519230769231 0.5973557692307693 0.04326923076923077 0.09615384615384616
1 0.49399038461538464 0.5949519230769231 0.04326923076923077 0.08653846153846154
1 0.453125 0.5973557692307693 0.040865384615384616 0.09615384615384616
1 0.41586538461538464 0.5973557692307693 0.040865384615384616 0.09134615384615384
1 0.3737980769230769 0.6057692307692307 0.04326923076923077 0.09134615384615384
1 0.33413461538461536 0.6081730769230769 0.04807692307692308 0.09134615384615384
0 0.2932692307692308 0.6081730769230769 0.04807692307692308 0.09134615384615384
1 0.25240384615384615 0.6081730769230769 0.04807692307692308 0.0985576923076923
1 0.2127403846153846 0.6117788461538461 0.05048076923076923 0.10096153846153846
0 0.17307692307692307 0.6105769230769231 0.04807692307692308 0.0985576923076923
1 0.13221153846153846 0.609375 0.055288461538461536 0.09615384615384616
1 0.9951923076923077 0.6995192307692307 0.009615384615384616 0.08173076923076923
0 0.9747596153846154 0.7019230769230769 0.05048076923076923 0.09615384615384616
1 0.9362980769230769 0.7079326923076923 0.0625 0.09615384615384616
1 0.8942307692307693 0.7103365384615384 0.0673076923076923 0.0985576923076923
0 0.8473557692307693 0.7091346153846154 0.0625 0.10336538461538461
0 0.8064903846153846 0.7103365384615384 0.06009615384615385 0.09615384615384616
1 0.7596153846153846 0.7115384615384616 0.06009615384615385 0.0889423076923077
0 0.7115384615384616 0.7175480769230769 0.06009615384615385 0.0889423076923077
0 0.6682692307692307 0.7247596153846154 0.06009615384615385 0.09134615384615384
1 0.6201923076923077 0.7223557692307693 0.055288461538461536 0.09134615384615384
1 0.5757211538461539 0.7271634615384616 0.04807692307692308 0.09615384615384616
1 0.5324519230769231 0.7319711538461539 0.052884615384615384 0.09615384615384616