0 0.8233173076923077 0.3629807692307692 0.05048076923076923 0.07211538461538461
0 0.796875 0.3605769230769231 0.05048076923076923 0.07692307692307693
0 0.7680288461538461 0.3557692307692308 0.04807692307692308 0.07692307692307693
0 0.7427884615384616 0.3485576923076923 0.05048076923076923 0.07692307692307693
0 0.7151442307692307 0.34615384615384615 0.04807692307692308 0.07211538461538461
0 0.6730769230769231 0.33533653846153844 0.04567307692307692 0.07451923076923077
0 0.6430288461538461 0.3317307692307692 0.040865384615384616 0.06971153846153846
0 0.6153846153846154 0.3293269230769231 0.038461538461538464 0.07211538461538461
0 0.5901442307692307 0.32091346153846156 0.040865384615384616 0.07211538461538461
0 0.5612980769230769 0.3173076923076923 0.040865384615384616 0.06971153846153846
0 0.5348557692307693 0.31009615384615385 0.036057692307692304 0.0625
0 0.5072115384615384 0.30528846153846156 0.038461538461538464 0.06490384615384616
0 0.47716346153846156 0.29447115384615385 0.036057692307692304 0.06009615384615385
0 0.4483173076923077 0.29086538461538464 0.040865384615384616 0.06971153846153846
0 0.4170673076923077 0.2848557692307692 0.038461538461538464 0.0673076923076923
0 0.390625 0.2776442307692308 0.040865384615384616 0.0625
0 0.359375 0.27283653846153844 0.040865384615384616 0.0625
0 0.3293269230769231 0.2644230769230769 0.038461538461538464 0.06009615384615385
0 0.296875 0.2620192307692308 0.04326923076923077 0.06490384615384616
0 0.2668269230769231 0.25240384615384615 0.040865384615384616 0.07211538461538461
0 0.23918269230769232 0.24759615384615385 0.04326923076923077 0.06490384615384616
0 0.20793269230769232 0.23918269230769232 0.05048076923076923 0.07211538461538461
0 0.8425480769230769 0.4891826923076923 0.055288461538461536 0.07211538461538461
0 0.8149038461538461 0.4831730769230769 0.055288461538461536 0.07451923076923077
0 0.7860576923076923 0.4807692307692308 0.052884615384615384 0.07451923076923077
0 0.7524038461538461 0.47475961538461536 0.052884615384615384 0.06971153846153846
0 0.71875 0.4699519230769231 0.05048076923076923 0.07211538461538461
0 0.6790865384615384 0.46153846153846156 0.04807692307692308 0.0673076923076923
0 0.6526442307692307 0.4579326923076923 0.05048076923076923 0.07211538461538461
0 0.6165865384615384 0.44471153846153844 0.04567307692307692 0.0673076923076923
0 0.5889423076923077 0.4411057692307692 0.04567307692307692 0.0673076923076923
0 0.5576923076923077 0.43509615384615385 0.05048076923076923 0.07211538461538461
0 0.5264423076923077 0.42908653846153844 0.04567307692307692 0.07211538461538461
0 0.49759615384615385 0.42427884615384615 0.04326923076923077 0.06971153846153846
0 0.4651442307692308 0.4170673076923077 0.04567307692307692 0.07692307692307693
0 0.4326923076923077 0.41225961538461536 0.04326923076923077 0.06971153846153846
0 0.4014423076923077 0.4026442307692308 0.04807692307692308 0.07451923076923077
0 0.36658653846153844 0.3918269230769231 0.04567307692307692 0.08173076923076923
0 0.33052884615384615 0.3918269230769231 0.04807692307692308 0.08413461538461539
0 0.3004807692307692 0.38221153846153844 0.05048076923076923 0.08413461538461539
0 0.2668269230769231 0.3786057692307692 0.04807692307692308 0.07932692307692307
0 0.23076923076923078 0.37259615384615385 0.055288461538461536 0.08653846153846154
0 0.1971153846153846 0.3641826923076923 0.04807692307692308 0.08173076923076923
0 0.16105769230769232 0.359375 0.05048076923076923 0.07692307692307693
0 0.8533653846153846 0.5588942307692307 0.052884615384615384 0.09134615384615384
0 0.8221153846153846 0.5552884615384616 0.0625 0.09375
0 0.7932692307692307 0.5456730769230769 0.057692307692307696 0.09615384615384616
0 0.7620192307692307 0.5492788461538461 0.057692307692307696 0.09134615384615384
0 0.7307692307692307 0.5408653846153846 0.055288461538461536 0.09134615384615384
0 0.6826923076923077 0.5360576923076923 0.04807692307692308 0.09615384615384616
0 0.6490384615384616 0.5276442307692307 0.06009615384615385 0.09615384615384616
0 0.6201923076923077 0.5240384615384616 0.055288461538461536 0.0889423076923077
0 0.5853365384615384 0.5144230769230769 0.055288461538461536 0.09615384615384616
0 0.5540865384615384 0.5120192307692307 0.04567307692307692 0.08413461538461539
0 0.5180288461538461 0.5060096153846154 0.04807692307692308 0.08653846153846154
0 0.4879807692307692 0.5012019230769231 0.04807692307692308 0.08173076923076923
0 0.4519230769230769 0.49278846153846156 0.040865384615384616 0.08173076923076923
0 0.4206730769230769 0.4879807692307692 0.04807692307692308 0.08173076923076923
0 0.3870192307692308 0.4807692307692308 0.04326923076923077 0.08173076923076923
0 0.35216346153846156 0.4723557692307692 0.04567307692307692 0.08173076923076923
0 0.3161057692307692 0.4699519230769231 0.04567307692307692 0.08173076923076923
0 0.28365384615384615 0.46153846153846156 0.05048076923076923 0.07692307692307693
0 0.24639423076923078 0.4567307692307692 0.04807692307692308 0.08413461538461539
0 0.2127403846153846 0.44711538461538464 0.055288461538461536 0.08653846153846154
0 0.17668269230769232 0.44471153846153844 0.05048076923076923 0.07932692307692307
0 0.13942307692307693 0.43028846153846156 0.06009615384615385 0.08653846153846154
0 0.8822115384615384 0.7319711538461539 0.06490384615384616 0.09615384615384616
0 0.8497596153846154 0.7283653846153846 0.0625 0.09134615384615384
0 0.8125 0.7235576923076923 0.0625 0.09134615384615384
0 0.7776442307692307 0.7151442307692307 0.057692307692307696 0.09134615384615384
0 0.7427884615384616 0.7151442307692307 0.06009615384615385 0.08653846153846154
0 0.6887019230769231 0.7019230769230769 0.055288461538461536 0.08413461538461539
0 0.6538461538461539 0.6935096153846154 0.057692307692307696 0.09134615384615384
0 0.6141826923076923 0.6899038461538461 0.0673076923076923 0.0985576923076923
0 0.5793269230769231 0.6838942307692307 0.057692307692307696 0.09134615384615384
0 0.5432692307692307 0.6814903846153846 0.057692307692307696 0.09375
0 0.5096153846153846 0.6742788461538461 0.052884615384615384 0.09134615384615384
0 0.47115384615384615 0.6694711538461539 0.055288461538461536 0.10096153846153846
0 0.43509615384615385 0.6598557692307693 0.055288461538461536 0.0889423076923077
0 0.3942307692307692 0.6538461538461539 0.052884615384615384 0.0985576923076923
0 0.3581730769230769 0.6442307692307693 0.052884615384615384 0.09375
0 0.3173076923076923 0.6430288461538461 0.055288461538461536 0.09375
0 0.2764423076923077 0.6382211538461539 0.06009615384615385 0.09615384615384616
0 0.23798076923076922 0.6298076923076923 0.06009615384615385 0.09615384615384616
0 0.1971153846153846 0.6225961538461539 0.06009615384615385 0.10336538461538461
0 0.15865384615384615 0.6177884615384616 0.06490384615384616 0.10576923076923077
0 0.1201923076923077 0.6057692307692307 0.06009615384615385 0.10336538461538461
0 0.08052884615384616 0.5985576923076923 0.0673076923076923 0.10336538461538461
0 0.9194711538461539 0.8677884615384616 0.057692307692307696 0.08653846153846154
0 0.8870192307692307 0.8665865384615384 0.07451923076923077 0.10096153846153846
0 0.8425480769230769 0.8605769230769231 0.07451923076923077 0.10096153846153846
1 0.8004807692307693 0.8533653846153846 0.07932692307692307 0.10576923076923077
0 0.7560096153846154 0.8425480769230769 0.07451923076923077 0.11057692307692307
0 0.7151442307692307 0.8353365384615384 0.07211538461538461 0.10336538461538461
0 0.6694711538461539 0.8269230769230769 0.06971153846153846 0.09375
0 0.6213942307692307 0.8233173076923077 0.06971153846153846 0.09375
0 0.5769230769230769 0.8209134615384616 0.06971153846153846 0.0985576923076923
0 0.5324519230769231 0.8088942307692307 0.0673076923076923 0.09615384615384616
0 0.48677884615384615 0.8040865384615384 0.06009615384615385 0.0985576923076923
0 0.44471153846153844 0.8004807692307693 0.06490384615384616 0.10096153846153846