0 0.84375 0.3269230769230769 0.055288461538461536 0.07692307692307693
0 0.8173076923076923 0.32211538461538464 0.055288461538461536 0.07932692307692307
0 0.7884615384615384 0.3161057692307692 0.052884615384615384 0.07932692307692307
0 0.7620192307692307 0.30649038461538464 0.055288461538461536 0.08173076923076923
0 0.7355769230769231 0.3016826923076923 0.052884615384615384 0.07451923076923077
0 0.6923076923076923 0.28846153846153844 0.052884615384615384 0.07692307692307693
0 0.6634615384615384 0.28125 0.04567307692307692 0.07211538461538461
0 0.6358173076923077 0.2776442307692308 0.04567307692307692 0.07692307692307693
0 0.6105769230769231 0.2668269230769231 0.04567307692307692 0.07692307692307693
0 0.5817307692307693 0.2620192307692308 0.04567307692307692 0.07211538461538461
0 0.5552884615384616 0.25240384615384615 0.040865384615384616 0.06490384615384616
0 0.5276442307692307 0.24519230769230768 0.04326923076923077 0.0673076923076923
0 0.4987980769230769 0.23317307692307693 0.040865384615384616 0.0625
0 0.46875 0.22716346153846154 0.04567307692307692 0.07211538461538461
0 0.4375 0.21875 0.04326923076923077 0.06971153846153846
0 0.4098557692307692 0.21033653846153846 0.04326923076923077 0.06490384615384616
0 0.3798076923076923 0.20192307692307693 0.04326923076923077 0.06490384615384616
0 0.34975961538461536 0.19230769230769232 0.04326923076923077 0.0625
0 0.3173076923076923 0.18629807692307693 0.04807692307692308 0.0673076923076923
0 0.2860576923076923 0.17548076923076922 0.04807692307692308 0.07451923076923077
0 0.25961538461538464 0.16826923076923078 0.04807692307692308 0.0673076923076923
0 0.2283653846153846 0.15745192307692307 0.055288461538461536 0.07692307692307693
0 0.8533653846153846 0.4567307692307692 0.0625 0.07451923076923077
0 0.8269230769230769 0.4495192307692308 0.06009615384615385 0.07692307692307693
0 0.7980769230769231 0.44350961538461536 0.057692307692307696 0.07932692307692307
0 0.7644230769230769 0.43509615384615385 0.057692307692307696 0.07211538461538461
0 0.7307692307692307 0.42908653846153844 0.055288461538461536 0.07451923076923077
0 0.6899038461538461 0.4170673076923077 0.052884615384615384 0.06971153846153846
0 0.6646634615384616 0.4098557692307692 0.052884615384615384 0.07451923076923077
0 0.6286057692307693 0.3942307692307692 0.05048076923076923 0.06971153846153846
0 0.6009615384615384 0.390625 0.05048076923076923 0.06971153846153846
0 0.5697115384615384 0.38100961538461536 0.052884615384615384 0.07692307692307693
0 0.5384615384615384 0.37259615384615385 0.05048076923076923 0.07451923076923077
0 0.5096153846153846 0.36658653846153844 0.05048076923076923 0.07211538461538461
0 0.47596153846153844 0.35697115384615385 0.05048076923076923 0.07932692307692307
0 0.44350961538461536 0.34975961538461536 0.04807692307692308 0.07211538461538461
0 0.41225961538461536 0.33774038461538464 0.052884615384615384 0.07692307692307693
0 0.37740384615384615 0.3245192307692308 0.052884615384615384 0.08413461538461539
0 0.3425480769230769 0.32091346153846156 0.052884615384615384 0.08653846153846154
0 0.3112980769230769 0.3088942307692308 0.057692307692307696 0.08653846153846154
0 0.2776442307692308 0.30288461538461536 0.052884615384615384 0.08413461538461539
0 0.24278846153846154 0.29447115384615385 0.06009615384615385 0.09134615384615384
0 0.20793269230769232 0.2848557692307692 0.055288461538461536 0.08413461538461539
0 0.17307692307692307 0.2776442307692308 0.057692307692307696 0.08173076923076923
0 0.859375 0.5276442307692307 0.06009615384615385 0.09615384615384616
0 0.8293269230769231 0.5228365384615384 0.06971153846153846 0.0985576923076923
0 0.8004807692307693 0.5108173076923077 0.06490384615384616 0.0985576923076923
0 0.7692307692307693 0.5120192307692307 0.06490384615384616 0.09615384615384616
0 0.7379807692307693 0.5012019230769231 0.06009615384615385 0.09615384615384616
0 0.6887019230769231 0.49278846153846156 0.055288461538461536 0.0985576923076923
0 0.65625 0.48197115384615385 0.0673076923076923 0.10096153846153846
0 0.6262019230769231 0.47596153846153844 0.06009615384615385 0.09375
0 0.5925480769230769 0.4639423076923077 0.0625 0.0985576923076923
0 0.5600961538461539 0.45913461538461536 0.052884615384615384 0.0889423076923077
0 0.5252403846153846 0.45072115384615385 0.055288461538461536 0.0889423076923077
0 0.49399038461538464 0.44350961538461536 0.052884615384615384 0.08413461538461539
0 0.45913461538461536 0.4326923076923077 0.04807692307692308 0.08173076923076923
0 0.4254807692307692 0.4254807692307692 0.052884615384615384 0.08413461538461539
0 0.39302884615384615 0.41586538461538464 0.05048076923076923 0.08413461538461539
0 0.359375 0.4050480769230769 0.052884615384615384 0.08653846153846154
0 0.32211538461538464 0.40024038461538464 0.052884615384615384 0.08413461538461539
0 0.28846153846153844 0.3894230769230769 0.055288461538461536 0.08173076923076923
0 0.25240384615384615 0.38100961538461536 0.055288461538461536 0.08653846153846154
0 0.21754807692307693 0.36899038461538464 0.0625 0.0889423076923077
0 0.18269230769230768 0.3641826923076923 0.055288461538461536 0.08173076923076923
0 0.14423076923076922 0.3473557692307692 0.06490384615384616 0.09134615384615384
0 0.8774038461538461 0.7055288461538461 0.06971153846153846 0.10096153846153846
0 0.8449519230769231 0.7007211538461539 0.0673076923076923 0.09375
0 0.8064903846153846 0.6923076923076923 0.06971153846153846 0.09615384615384616
0 0.7728365384615384 0.6814903846153846 0.06490384615384616 0.09375
0 0.7379807692307693 0.6790865384615384 0.06490384615384616 0.09134615384615384
0 0.6838942307692307 0.6622596153846154 0.06009615384615385 0.08653846153846154
0 0.6478365384615384 0.6514423076923077 0.06490384615384616 0.09375
0 0.609375 0.6442307692307693 0.07451923076923077 0.10336538461538461
0 0.5733173076923077 0.6358173076923077 0.06490384615384616 0.09615384615384616
0 0.5384615384615384 0.6310096153846154 0.06490384615384616 0.09615384615384616
0 0.5036057692307693 0.6213942307692307 0.06009615384615385 0.09615384615384616
0 0.4651442307692308 0.6141826923076923 0.0625 0.10336538461538461
0 0.42908653846153844 0.5997596153846154 0.06009615384615385 0.09375
0 0.3894230769230769 0.5925480769230769 0.0625 0.10096153846153846
0 0.35216346153846156 0.5805288461538461 0.06009615384615385 0.09615384615384616
0 0.31009615384615385 0.5769230769230769 0.0625 0.09615384615384616
0 0.2692307692307692 0.5685096153846154 0.0673076923076923 0.0985576923076923
0 0.23076923076923078 0.5564903846153846 0.0673076923076923 0.0985576923076923
0 0.19110576923076922 0.5456730769230769 0.0673076923076923 0.10576923076923077
0 0.1502403846153846 0.5396634615384616 0.07211538461538461 0.11057692307692307
0 0.11298076923076923 0.5252403846153846 0.0673076923076923 0.10576923076923077
0 0.0733173076923077 0.5120192307692307 0.07451923076923077 0.10576923076923077
0 0.9050480769230769 0.8461538461538461 0.0625 0.09134615384615384
0 0.8725961538461539 0.84375 0.08173076923076923 0.10576923076923077
1 0.828125 0.8341346153846154 0.08173076923076923 0.10576923076923077
1 0.7860576923076923 0.8245192307692307 0.08653846153846154 0.11057692307692307
0 0.7403846153846154 0.8100961538461539 0.08173076923076923 0.11298076923076923
0 0.7019230769230769 0.8004807692307693 0.07932692307692307 0.10817307692307693
0 0.6550480769230769 0.7860576923076923 0.07692307692307693 0.0985576923076923
0 0.6057692307692307 0.7788461538461539 0.07692307692307693 0.0985576923076923
0 0.5612980769230769 0.7752403846153846 0.07692307692307693 0.10336538461538461
0 0.515625 0.7584134615384616 0.07451923076923077 0.10096153846153846
0 0.47115384615384615 0.7512019230769231 0.0673076923076923 0.10336538461538461
0 0.42788461538461536 0.7451923076923077 0.07211538461538461 0.10576923076923077