0 0.18509615384615385 0.3545673076923077 0.04807692307692308 0.07211538461538461
0 0.21153846153846154 0.35096153846153844 0.04807692307692308 0.07692307692307693
0 0.23798076923076922 0.34615384615384615 0.04567307692307692 0.07451923076923077
0 0.2644230769230769 0.34134615384615385 0.04807692307692308 0.07692307692307693
0 0.29086538461538464 0.3401442307692308 0.04567307692307692 0.07211538461538461
0 0.3329326923076923 0.3293269230769231 0.04567307692307692 0.07211538461538461
0 0.36177884615384615 0.32572115384615385 0.038461538461538464 0.0673076923076923
0 0.3894230769230769 0.3233173076923077 0.038461538461538464 0.06971153846153846
0 0.41466346153846156 0.3161057692307692 0.038461538461538464 0.06971153846153846
0 0.4423076923076923 0.3137019230769231 0.040865384615384616 0.06971153846153846
0 0.46875 0.30649038461538464 0.036057692307692304 0.06009615384615385
0 0.4963942307692308 0.3016826923076923 0.036057692307692304 0.0625
0 0.5252403846153846 0.2932692307692308 0.036057692307692304 0.06009615384615385
0 0.5540865384615384 0.28966346153846156 0.040865384615384616 0.0673076923076923
0 0.5853365384615384 0.2848557692307692 0.036057692307692304 0.0673076923076923
0 0.6117788461538461 0.2776442307692308 0.038461538461538464 0.0625
0 0.6430288461538461 0.27283653846153844 0.038461538461538464 0.0625
0 0.6706730769230769 0.265625 0.036057692307692304 0.057692307692307696
0 0.703125 0.26322115384615385 0.040865384615384616 0.0625
0 0.7331730769230769 0.2548076923076923 0.040865384615384616 0.06971153846153846
0 0.7608173076923077 0.25 0.04326923076923077 0.0625
0 0.7908653846153846 0.24158653846153846 0.04807692307692308 0.07211538461538461
0 0.16466346153846154 0.47716346153846156 0.052884615384615384 0.06971153846153846
0 0.18990384615384615 0.4723557692307692 0.055288461538461536 0.07211538461538461
0 0.21875 0.4699519230769231 0.05048076923076923 0.07211538461538461
0 0.25240384615384615 0.4651442307692308 0.05048076923076923 0.0673076923076923
0 0.2860576923076923 0.46033653846153844 0.04807692307692308 0.06971153846153846
0 0.3245192307692308 0.453125 0.04567307692307692 0.06490384615384616
0 0.35096153846153844 0.4495192307692308 0.04807692307692308 0.06971153846153846
0 0.3858173076923077 0.4375 0.04567307692307692 0.0673076923076923
0 0.41466346153846156 0.43509615384615385 0.04567307692307692 0.06490384615384616
0 0.44350961538461536 0.42908653846153844 0.04807692307692308 0.07211538461538461
0 0.47596153846153844 0.4230769230769231 0.04326923076923077 0.06971153846153846
0 0.5036057692307693 0.41947115384615385 0.04326923076923077 0.0673076923076923
0 0.5360576923076923 0.41225961538461536 0.04326923076923077 0.07692307692307693
0 0.5685096153846154 0.40865384615384615 0.040865384615384616 0.0673076923076923
0 0.5985576923076923 0.40024038461538464 0.04567307692307692 0.07211538461538461
0 0.6334134615384616 0.390625 0.04326923076923077 0.08173076923076923
0 0.6670673076923077 0.390625 0.04567307692307692 0.08173076923076923
0 0.6995192307692307 0.38100961538461536 0.05048076923076923 0.08413461538461539
0 0.7331730769230769 0.37740384615384615 0.04567307692307692 0.07692307692307693
0 0.765625 0.37259615384615385 0.05048076923076923 0.08413461538461539
0 0.8016826923076923 0.36538461538461536 0.04807692307692308 0.07932692307692307
0 0.8353365384615384 0.36177884615384615 0.04807692307692308 0.07692307692307693
0 0.15144230769230768 0.5456730769230769 0.05048076923076923 0.0889423076923077
0 0.1814903846153846 0.5432692307692307 0.06009615384615385 0.09134615384615384
0 0.21033653846153846 0.5336538461538461 0.055288461538461536 0.09375
0 0.2403846153846154 0.5372596153846154 0.055288461538461536 0.0889423076923077
0 0.27283653846153844 0.5300480769230769 0.05048076923076923 0.09134615384615384
0 0.32091346153846156 0.5264423076923077 0.04567307692307692 0.09375
0 0.35336538461538464 0.5180288461538461 0.057692307692307696 0.09375
0 0.38221153846153844 0.5168269230769231 0.052884615384615384 0.0889423076923077
0 0.41586538461538464 0.5060096153846154 0.052884615384615384 0.09375
0 0.44711538461538464 0.5060096153846154 0.04326923076923077 0.08413461538461539
0 0.48197115384615385 0.5 0.04567307692307692 0.08413461538461539
0 0.5120192307692307 0.4951923076923077 0.04567307692307692 0.07932692307692307
0 0.546875 0.4879807692307692 0.038461538461538464 0.07932692307692307
0 0.5793269230769231 0.484375 0.04567307692307692 0.07932692307692307
0 0.6105769230769231 0.47716346153846156 0.04326923076923077 0.08173076923076923
0 0.6454326923076923 0.4699519230769231 0.04567307692307692 0.08173076923076923
0 0.6814903846153846 0.4675480769230769 0.04567307692307692 0.07932692307692307
0 0.7139423076923077 0.46033653846153844 0.04807692307692308 0.07692307692307693
0 0.75 0.45552884615384615 0.04567307692307692 0.08173076923076923
0 0.7836538461538461 0.44711538461538464 0.052884615384615384 0.08413461538461539
0 0.8185096153846154 0.44471153846153844 0.04807692307692308 0.07692307692307693
0 0.8557692307692307 0.43149038461538464 0.055288461538461536 0.08413461538461539
0 0.1201923076923077 0.7163461538461539 0.0625 0.09615384615384616
0 0.15144230769230768 0.7139423076923077 0.06009615384615385 0.0889423076923077
0 0.18870192307692307 0.7091346153846154 0.06009615384615385 0.09134615384615384
0 0.22235576923076922 0.7007211538461539 0.057692307692307696 0.0889423076923077
0 0.25721153846153844 0.7019230769230769 0.055288461538461536 0.08413461538461539
0 0.31009615384615385 0.6899038461538461 0.052884615384615384 0.08173076923076923
0 0.34615384615384615 0.6814903846153846 0.055288461538461536 0.0889423076923077
0 0.38341346153846156 0.6790865384615384 0.06490384615384616 0.09615384615384616
0 0.4182692307692308 0.6730769230769231 0.057692307692307696 0.0889423076923077
0 0.4543269230769231 0.671875 0.057692307692307696 0.09134615384615384
0 0.48677884615384615 0.6646634615384616 0.05048076923076923 0.09134615384615384
0 0.5252403846153846 0.6610576923076923 0.052884615384615384 0.0985576923076923
0 0.5600961538461539 0.6526442307692307 0.052884615384615384 0.0889423076923077
0 0.5997596153846154 0.6466346153846154 0.052884615384615384 0.09615384615384616
0 0.6370192307692307 0.6394230769230769 0.05048076923076923 0.09134615384615384
0 0.6778846153846154 0.6382211538461539 0.05048076923076923 0.09134615384615384
0 0.7175480769230769 0.6346153846153846 0.057692307692307696 0.09375
0 0.7560096153846154 0.6262019230769231 0.057692307692307696 0.09134615384615384
0 0.7944711538461539 0.6189903846153846 0.057692307692307696 0.10096153846153846
0 0.8353365384615384 0.6165865384615384 0.0625 0.10336538461538461
0 0.8713942307692307 0.6057692307692307 0.057692307692307696 0.10096153846153846
0 0.9110576923076923 0.5973557692307693 0.06490384615384616 0.0985576923076923
0 0.07572115384615384 0.8497596153846154 0.06490384615384616 0.08653846153846154
0 0.11298076923076923 0.8473557692307693 0.07211538461538461 0.0985576923076923
1 0.15745192307692307 0.8425480769230769 0.07211538461538461 0.0985576923076923
1 0.19831730769230768 0.8365384615384616 0.07692307692307693 0.10336538461538461
0 0.24278846153846154 0.8269230769230769 0.07211538461538461 0.10576923076923077
0 0.28125 0.8209134615384616 0.06971153846153846 0.10096153846153846
0 0.328125 0.8125 0.0673076923076923 0.09134615384615384
0 0.375 0.8076923076923077 0.0673076923076923 0.09134615384615384
0 0.4182692307692308 0.8088942307692307 0.06971153846153846 0.09615384615384616
0 0.46274038461538464 0.796875 0.06490384615384616 0.09375
0 0.5072115384615384 0.7932692307692307 0.057692307692307696 0.09615384615384616
0 0.5492788461538461 0.7908653846153846 0.0625 0.0985576923076923