0 0.21514423076923078 0.28966346153846156 0.040865384615384616 0.06490384615384616
0 0.2403846153846154 0.29086538461538464 0.038461538461538464 0.06971153846153846
0 0.26802884615384615 0.28966346153846156 0.038461538461538464 0.06971153846153846
0 0.2920673076923077 0.2860576923076923 0.040865384615384616 0.06971153846153846
0 0.31971153846153844 0.28725961538461536 0.038461538461538464 0.06490384615384616
0 0.359375 0.28125 0.036057692307692304 0.0673076923076923
0 0.38822115384615385 0.28125 0.03125 0.0625
0 0.41466346153846156 0.28125 0.028846153846153848 0.0673076923076923
0 0.43990384615384615 0.2764423076923077 0.03125 0.0673076923076923
0 0.4675480769230769 0.2764423076923077 0.03125 0.06490384615384616
0 0.49278846153846156 0.27403846153846156 0.028846153846153848 0.057692307692307696
0 0.5204326923076923 0.27283653846153844 0.03125 0.06009615384615385
0 0.5492788461538461 0.265625 0.028846153846153848 0.055288461538461536
0 0.5769230769230769 0.2644230769230769 0.03365384615384615 0.0625
0 0.6069711538461539 0.26322115384615385 0.028846153846153848 0.0625
0 0.6346153846153846 0.2608173076923077 0.03125 0.057692307692307696
0 0.6646634615384616 0.25961538461538464 0.03125 0.057692307692307696
0 0.6935096153846154 0.2536057692307692 0.03125 0.055288461538461536
0 0.7247596153846154 0.2548076923076923 0.03365384615384615 0.06009615384615385
0 0.7536057692307693 0.25 0.03125 0.06490384615384616
0 0.7800480769230769 0.24879807692307693 0.036057692307692304 0.057692307692307696
0 0.8100961538461539 0.2439903846153846 0.040865384615384616 0.06490384615384616
0 0.18269230769230768 0.4074519230769231 0.04567307692307692 0.0625
0 0.2091346153846154 0.4050480769230769 0.04567307692307692 0.06490384615384616
0 0.23677884615384615 0.4050480769230769 0.04326923076923077 0.0673076923076923
0 0.2692307692307692 0.40384615384615385 0.04326923076923077 0.0625
0 0.3016826923076923 0.40384615384615385 0.040865384615384616 0.06490384615384616
0 0.3389423076923077 0.40024038461538464 0.038461538461538464 0.06009615384615385
0 0.3641826923076923 0.39903846153846156 0.038461538461538464 0.06490384615384616
0 0.40024038461538464 0.390625 0.038461538461538464 0.0625
0 0.4266826923076923 0.3918269230769231 0.038461538461538464 0.06009615384615385
0 0.4567307692307692 0.3894230769230769 0.038461538461538464 0.06490384615384616
0 0.4879807692307692 0.3858173076923077 0.036057692307692304 0.06490384615384616
0 0.5144230769230769 0.3858173076923077 0.036057692307692304 0.0625
0 0.546875 0.38221153846153844 0.03365384615384615 0.07211538461538461
0 0.578125 0.38221153846153844 0.03365384615384615 0.0625
0 0.6081730769230769 0.37740384615384615 0.038461538461538464 0.0673076923076923
0 0.6442307692307693 0.3713942307692308 0.036057692307692304 0.07692307692307693
0 0.6766826923076923 0.3737980769230769 0.036057692307692304 0.07692307692307693
0 0.7079326923076923 0.36899038461538464 0.040865384615384616 0.07692307692307693
0 0.7403846153846154 0.36778846153846156 0.036057692307692304 0.07211538461538461
0 0.7728365384615384 0.36658653846153844 0.04326923076923077 0.07932692307692307
0 0.8064903846153846 0.3641826923076923 0.038461538461538464 0.07451923076923077
0 0.8401442307692307 0.3629807692307692 0.040865384615384616 0.06971153846153846
0 0.16346153846153846 0.47115384615384615 0.040865384615384616 0.08413461538461539
0 0.1935096153846154 0.47115384615384615 0.05048076923076923 0.08413461538461539
0 0.22115384615384615 0.46634615384615385 0.04567307692307692 0.08653846153846154
0 0.2512019230769231 0.4723557692307692 0.04567307692307692 0.08413461538461539
0 0.28125 0.4675480769230769 0.040865384615384616 0.08413461538461539
0 0.3269230769230769 0.46875 0.036057692307692304 0.0889423076923077
0 0.359375 0.46634615384615385 0.04807692307692308 0.08653846153846154
0 0.38822115384615385 0.46634615384615385 0.04326923076923077 0.08173076923076923
0 0.421875 0.45913461538461536 0.04326923076923077 0.08653846153846154
0 0.4519230769230769 0.46274038461538464 0.036057692307692304 0.07932692307692307
0 0.4855769230769231 0.46153846153846156 0.038461538461538464 0.07932692307692307
0 0.515625 0.45913461538461536 0.038461538461538464 0.07451923076923077
0 0.5492788461538461 0.45552884615384615 0.03125 0.07451923076923077
0 0.5805288461538461 0.4543269230769231 0.036057692307692304 0.07451923076923077
0 0.6129807692307693 0.453125 0.03365384615384615 0.07692307692307693
0 0.6466346153846154 0.4483173076923077 0.036057692307692304 0.07692307692307693
0 0.6814903846153846 0.4495192307692308 0.036057692307692304 0.07451923076923077
0 0.7139423076923077 0.44591346153846156 0.040865384615384616 0.06971153846153846
0 0.7487980769230769 0.44471153846153844 0.038461538461538464 0.07692307692307693
0 0.7824519230769231 0.4411057692307692 0.04326923076923077 0.07692307692307693
0 0.8161057692307693 0.4411057692307692 0.038461538461538464 0.07211538461538461
0 0.8533653846153846 0.4338942307692308 0.04807692307692308 0.07932692307692307
0 0.11538461538461539 0.6322115384615384 0.05048076923076923 0.08653846153846154
0 0.1466346153846154 0.6334134615384616 0.05048076923076923 0.08173076923076923
0 0.18269230769230768 0.6322115384615384 0.05048076923076923 0.08413461538461539
0 0.21634615384615385 0.6274038461538461 0.04567307692307692 0.08173076923076923
0 0.24879807692307693 0.6322115384615384 0.04807692307692308 0.07932692307692307
0 0.3016826923076923 0.6262019230769231 0.04326923076923077 0.07451923076923077
0 0.33653846153846156 0.6213942307692307 0.04567307692307692 0.08173076923076923
0 0.3737980769230769 0.6237980769230769 0.052884615384615384 0.09134615384615384
0 0.4074519230769231 0.6213942307692307 0.04567307692307692 0.08413461538461539
0 0.4411057692307692 0.6237980769230769 0.04567307692307692 0.08413461538461539
0 0.47475961538461536 0.6201923076923077 0.040865384615384616 0.08413461538461539
0 0.5108173076923077 0.6201923076923077 0.040865384615384616 0.09134615384615384
0 0.546875 0.6141826923076923 0.04326923076923077 0.08173076923076923
0 0.5853365384615384 0.6141826923076923 0.040865384615384616 0.09134615384615384
0 0.6213942307692307 0.6105769230769231 0.040865384615384616 0.08653846153846154
0 0.6610576923076923 0.6141826923076923 0.040865384615384616 0.08653846153846154
0 0.6995192307692307 0.6129807692307693 0.04567307692307692 0.08653846153846154
0 0.7367788461538461 0.6105769230769231 0.04807692307692308 0.08653846153846154
0 0.7752403846153846 0.6069711538461539 0.04567307692307692 0.09375
0 0.8137019230769231 0.6069711538461539 0.05048076923076923 0.09615384615384616
0 0.8509615384615384 0.6021634615384616 0.04567307692307692 0.09375
0 0.8894230769230769 0.5973557692307693 0.052884615384615384 0.09375
0 0.05889423076923077 0.7572115384615384 0.057692307692307696 0.07932692307692307
0 0.09615384615384616 0.7584134615384616 0.06009615384615385 0.09134615384615384
0 0.13942307692307693 0.7572115384615384 0.06009615384615385 0.09134615384615384
1 0.17908653846153846 0.7548076923076923 0.06490384615384616 0.09375
0 0.22355769230769232 0.7512019230769231 0.06009615384615385 0.0985576923076923
0 0.2620192307692308 0.75 0.057692307692307696 0.09375
0 0.30528846153846156 0.7463942307692307 0.057692307692307696 0.08413461538461539
0 0.35216346153846156 0.7475961538461539 0.057692307692307696 0.08413461538461539
0 0.3942307692307692 0.7512019230769231 0.057692307692307696 0.0889423076923077
0 0.4387019230769231 0.7439903846153846 0.055288461538461536 0.08653846153846154
0 0.48197115384615385 0.7451923076923077 0.04567307692307692 0.09134615384615384
0 0.5228365384615384 0.7463942307692307 0.05048076923076923 0.09134615384615384