0 0.7584134615384616 0.28966346153846156 0.04326923076923077 0.07211538461538461
0 0.7307692307692307 0.28966346153846156 0.04326923076923077 0.07692307692307693
0 0.7019230769230769 0.28725961538461536 0.04326923076923077 0.07692307692307693
0 0.6754807692307693 0.28365384615384615 0.04567307692307692 0.07692307692307693
0 0.6478365384615384 0.28365384615384615 0.040865384615384616 0.07211538461538461
0 0.6033653846153846 0.2776442307692308 0.040865384615384616 0.07211538461538461
0 0.5721153846153846 0.2764423076923077 0.03365384615384615 0.0673076923076923
0 0.5444711538461539 0.2764423076923077 0.03365384615384615 0.07211538461538461
0 0.5168269230769231 0.27163461538461536 0.03365384615384615 0.07211538461538461
0 0.4879807692307692 0.2704326923076923 0.036057692307692304 0.06971153846153846
0 0.46033653846153844 0.2668269230769231 0.03125 0.0625
0 0.43149038461538464 0.265625 0.03365384615384615 0.06490384615384616
0 0.4014423076923077 0.25721153846153844 0.03125 0.06009615384615385
0 0.3713942307692308 0.25600961538461536 0.036057692307692304 0.0673076923076923
0 0.3389423076923077 0.2536057692307692 0.03125 0.0673076923076923
0 0.31009615384615385 0.24879807692307693 0.03365384615384615 0.0625
0 0.27884615384615385 0.24759615384615385 0.03365384615384615 0.0625
0 0.24759615384615385 0.24278846153846154 0.03365384615384615 0.057692307692307696
0 0.21394230769230768 0.24278846153846154 0.038461538461538464 0.0625
0 0.18389423076923078 0.23677884615384615 0.036057692307692304 0.06971153846153846
0 0.15504807692307693 0.234375 0.038461538461538464 0.0625
0 0.12259615384615384 0.22956730769230768 0.04326923076923077 0.07211538461538461
0 0.7896634615384616 0.41586538461538464 0.05048076923076923 0.06971153846153846
0 0.7632211538461539 0.41225961538461536 0.05048076923076923 0.07211538461538461
0 0.734375 0.4110576923076923 0.04807692307692308 0.07451923076923077
0 0.6983173076923077 0.40865384615384615 0.04807692307692308 0.0673076923076923
0 0.6646634615384616 0.40865384615384615 0.04567307692307692 0.06971153846153846
0 0.6237980769230769 0.4050480769230769 0.04326923076923077 0.06490384615384616
0 0.5961538461538461 0.4014423076923077 0.04326923076923077 0.06971153846153846
0 0.5576923076923077 0.39302884615384615 0.040865384615384616 0.0673076923076923
0 0.5288461538461539 0.39302884615384615 0.040865384615384616 0.06490384615384616
0 0.49759615384615385 0.390625 0.04326923076923077 0.07211538461538461
0 0.4651442307692308 0.3870192307692308 0.038461538461538464 0.06971153846153846
0 0.43509615384615385 0.3858173076923077 0.038461538461538464 0.0673076923076923
0 0.4026442307692308 0.38221153846153844 0.038461538461538464 0.07692307692307693
0 0.36899038461538464 0.38100961538461536 0.036057692307692304 0.0673076923076923
0 0.33653846153846156 0.375 0.04326923076923077 0.07451923076923077
0 0.29927884615384615 0.36778846153846156 0.038461538461538464 0.08173076923076923
0 0.2644230769230769 0.3701923076923077 0.040865384615384616 0.08173076923076923
0 0.23076923076923078 0.3641826923076923 0.04567307692307692 0.08413461538461539
0 0.19591346153846154 0.3641826923076923 0.040865384615384616 0.07932692307692307
0 0.15985576923076922 0.36177884615384615 0.04567307692307692 0.08653846153846154
0 0.12379807692307693 0.3581730769230769 0.04326923076923077 0.08173076923076923
0 0.08774038461538461 0.35697115384615385 0.04567307692307692 0.07692307692307693
0 0.8100961538461539 0.484375 0.04807692307692308 0.09134615384615384
0 0.7764423076923077 0.484375 0.055288461538461536 0.09134615384615384
0 0.7475961538461539 0.47716346153846156 0.05048076923076923 0.09375
0 0.7163461538461539 0.484375 0.05048076923076923 0.09134615384615384
0 0.6838942307692307 0.4795673076923077 0.04807692307692308 0.09134615384615384
0 0.6334134615384616 0.4795673076923077 0.040865384615384616 0.09615384615384616
0 0.5997596153846154 0.47475961538461536 0.052884615384615384 0.09375
0 0.5697115384615384 0.47475961538461536 0.04567307692307692 0.0889423076923077
0 0.5336538461538461 0.4675480769230769 0.04807692307692308 0.09375
0 0.5024038461538461 0.4699519230769231 0.038461538461538464 0.08413461538461539
0 0.4651442307692308 0.4675480769230769 0.040865384615384616 0.08413461538461539
0 0.4338942307692308 0.4651442307692308 0.040865384615384616 0.07932692307692307
0 0.39663461538461536 0.46033653846153844 0.03365384615384615 0.07932692307692307
0 0.3641826923076923 0.45913461538461536 0.040865384615384616 0.07932692307692307
0 0.3293269230769231 0.45552884615384615 0.036057692307692304 0.08173076923076923
0 0.2932692307692308 0.45072115384615385 0.040865384615384616 0.08173076923076923
0 0.25600961538461536 0.4519230769230769 0.040865384615384616 0.07932692307692307
0 0.22355769230769232 0.44711538461538464 0.04567307692307692 0.07692307692307693
0 0.18509615384615385 0.44591346153846156 0.040865384615384616 0.08173076923076923
0 0.14903846153846154 0.4387019230769231 0.04807692307692308 0.08413461538461539
0 0.11298076923076923 0.43990384615384615 0.04326923076923077 0.07692307692307693
0 0.0733173076923077 0.43028846153846156 0.052884615384615384 0.08653846153846154
0 0.8569711538461539 0.65625 0.055288461538461536 0.09375
0 0.8245192307692307 0.6574519230769231 0.055288461538461536 0.0889423076923077
0 0.7860576923076923 0.65625 0.055288461538461536 0.09134615384615384
0 0.7512019230769231 0.6514423076923077 0.05048076923076923 0.0889423076923077
0 0.7139423076923077 0.6550480769230769 0.052884615384615384 0.08653846153846154
0 0.6598557692307693 0.6478365384615384 0.04807692307692308 0.08173076923076923
0 0.6213942307692307 0.6418269230769231 0.05048076923076923 0.0889423076923077
0 0.5817307692307693 0.6430288461538461 0.06009615384615385 0.09615384615384616
0 0.546875 0.640625 0.05048076923076923 0.09134615384615384
0 0.5096153846153846 0.6418269230769231 0.052884615384615384 0.09134615384615384
0 0.4735576923076923 0.6382211538461539 0.04567307692307692 0.09134615384615384
0 0.43509615384615385 0.6382211538461539 0.04807692307692308 0.0985576923076923
0 0.39663461538461536 0.6298076923076923 0.04567307692307692 0.0889423076923077
0 0.3557692307692308 0.6298076923076923 0.04567307692307692 0.0985576923076923
0 0.3173076923076923 0.625 0.04567307692307692 0.09375
0 0.27524038461538464 0.6274038461538461 0.04807692307692308 0.09375
0 0.234375 0.6274038461538461 0.052884615384615384 0.09375
0 0.1935096153846154 0.6213942307692307 0.052884615384615384 0.09375
0 0.15264423076923078 0.6177884615384616 0.05048076923076923 0.10096153846153846
0 0.11177884615384616 0.6189903846153846 0.055288461538461536 0.10336538461538461
0 0.0733173076923077 0.6105769230769231 0.052884615384615384 0.10096153846153846
0 0.03245192307692308 0.6057692307692307 0.06009615384615385 0.0985576923076923
0 0.9158653846153846 0.7920673076923077 0.06490384615384616 0.08653846153846154
0 0.8762019230769231 0.7920673076923077 0.0673076923076923 0.0985576923076923
1 0.8305288461538461 0.7920673076923077 0.0673076923076923 0.0985576923076923
1 0.7872596153846154 0.7884615384615384 0.07211538461538461 0.10096153846153846
0 0.7415865384615384 0.7836538461538461 0.06490384615384616 0.10576923076923077
0 0.6995192307692307 0.7800480769230769 0.06490384615384616 0.10096153846153846
0 0.6514423076923077 0.7740384615384616 0.0625 0.09134615384615384
0 0.6033653846153846 0.7764423076923077 0.0625 0.09134615384615384
0 0.5576923076923077 0.7800480769230769 0.0625 0.09615384615384616
0 0.5108173076923077 0.7716346153846154 0.06009615384615385 0.09375
0 0.4651442307692308 0.7728365384615384 0.052884615384615384 0.0985576923076923
0 0.4206730769230769 0.7728365384615384 0.057692307692307696 0.0985576923076923