0 0.19831730769230768 0.3016826923076923 0.04326923076923077 0.06971153846153846
0 0.2247596153846154 0.30288461538461536 0.04326923076923077 0.07451923076923077
0 0.25240384615384615 0.3004807692307692 0.040865384615384616 0.07211538461538461
0 0.27884615384615385 0.296875 0.04326923076923077 0.07451923076923077
0 0.30649038461538464 0.296875 0.040865384615384616 0.06971153846153846
0 0.3485576923076923 0.28966346153846156 0.038461538461538464 0.06971153846153846
0 0.3786057692307692 0.28966346153846156 0.03365384615384615 0.06490384615384616
0 0.40625 0.28966346153846156 0.03125 0.06971153846153846
0 0.43149038461538464 0.2848557692307692 0.03365384615384615 0.06971153846153846
0 0.45913461538461536 0.2848557692307692 0.03365384615384615 0.0673076923076923
0 0.4855769230769231 0.2800480769230769 0.03125 0.06009615384615385
0 0.5144230769230769 0.27884615384615385 0.03365384615384615 0.0625
0 0.5444711538461539 0.2704326923076923 0.03125 0.057692307692307696
0 0.5745192307692307 0.2692307692307692 0.036057692307692304 0.06490384615384616
0 0.6057692307692307 0.2668269230769231 0.03125 0.06490384615384616
0 0.6334134615384616 0.2644230769230769 0.03365384615384615 0.06009615384615385
0 0.6634615384615384 0.2620192307692308 0.03365384615384615 0.06009615384615385
0 0.6923076923076923 0.25600961538461536 0.03365384615384615 0.057692307692307696
0 0.7247596153846154 0.25600961538461536 0.036057692307692304 0.06009615384615385
0 0.7560096153846154 0.2512019230769231 0.03365384615384615 0.06971153846153846
0 0.7836538461538461 0.24879807692307693 0.038461538461538464 0.06009615384615385
0 0.8161057692307693 0.2439903846153846 0.04326923076923077 0.06971153846153846
0 0.16706730769230768 0.42427884615384615 0.04807692307692308 0.0673076923076923
0 0.1935096153846154 0.421875 0.04807692307692308 0.06971153846153846
0 0.22235576923076922 0.421875 0.04567307692307692 0.07211538461538461
0 0.25600961538461536 0.41947115384615385 0.04567307692307692 0.06490384615384616
0 0.28966346153846156 0.4182692307692308 0.04326923076923077 0.0673076923076923
0 0.3293269230769231 0.41466346153846156 0.040865384615384616 0.06490384615384616
0 0.3557692307692308 0.41225961538461536 0.040865384615384616 0.0673076923076923
0 0.3918269230769231 0.40384615384615385 0.040865384615384616 0.06490384615384616
0 0.41947115384615385 0.4026442307692308 0.040865384615384616 0.0625
0 0.45072115384615385 0.40024038461538464 0.040865384615384616 0.06971153846153846
0 0.4831730769230769 0.39783653846153844 0.038461538461538464 0.0673076923076923
0 0.5108173076923077 0.3954326923076923 0.038461538461538464 0.06490384615384616
0 0.5444711538461539 0.3918269230769231 0.036057692307692304 0.07451923076923077
0 0.5769230769230769 0.390625 0.036057692307692304 0.06490384615384616
0 0.6081730769230769 0.3858173076923077 0.040865384615384616 0.07211538461538461
0 0.6442307692307693 0.37740384615384615 0.038461538461538464 0.07932692307692307
0 0.6778846153846154 0.38100961538461536 0.038461538461538464 0.07932692307692307
0 0.7103365384615384 0.375 0.04326923076923077 0.08173076923076923
0 0.7439903846153846 0.375 0.038461538461538464 0.07692307692307693
0 0.7788461538461539 0.37259615384615385 0.04567307692307692 0.08413461538461539
0 0.8137019230769231 0.36899038461538464 0.040865384615384616 0.07692307692307693
0 0.8485576923076923 0.36778846153846156 0.04567307692307692 0.07451923076923077
0 0.14783653846153846 0.49038461538461536 0.04567307692307692 0.08653846153846154
0 0.17908653846153846 0.49158653846153844 0.052884615384615384 0.0889423076923077
0 0.20673076923076922 0.484375 0.04807692307692308 0.09134615384615384
0 0.23798076923076922 0.49038461538461536 0.04807692307692308 0.08653846153846154
0 0.2704326923076923 0.4855769230769231 0.04567307692307692 0.0889423076923077
0 0.31850961538461536 0.48677884615384615 0.038461538461538464 0.09134615384615384
0 0.35216346153846156 0.4831730769230769 0.05048076923076923 0.09134615384615384
0 0.38100961538461536 0.48197115384615385 0.04567307692307692 0.08653846153846154
0 0.41466346153846156 0.47475961538461536 0.04567307692307692 0.09134615384615384
0 0.44711538461538464 0.47716346153846156 0.038461538461538464 0.08173076923076923
0 0.48197115384615385 0.47475961538461536 0.040865384615384616 0.08173076923076923
0 0.5120192307692307 0.4723557692307692 0.040865384615384616 0.07692307692307693
0 0.5480769230769231 0.4675480769230769 0.03365384615384615 0.07692307692307693
0 0.5805288461538461 0.46634615384615385 0.038461538461538464 0.07692307692307693
0 0.6141826923076923 0.4639423076923077 0.036057692307692304 0.07932692307692307
0 0.6490384615384616 0.4579326923076923 0.038461538461538464 0.07932692307692307
0 0.6850961538461539 0.45913461538461536 0.038461538461538464 0.07692307692307693
0 0.71875 0.4543269230769231 0.04326923076923077 0.07451923076923077
0 0.7548076923076923 0.453125 0.040865384615384616 0.07932692307692307
0 0.7896634615384616 0.44711538461538464 0.04807692307692308 0.08173076923076923
0 0.8257211538461539 0.4483173076923077 0.04326923076923077 0.07451923076923077
0 0.8629807692307693 0.4387019230769231 0.05048076923076923 0.08413461538461539
0 0.10096153846153846 0.6586538461538461 0.055288461538461536 0.09134615384615384
0 0.1346153846153846 0.6598557692307693 0.052884615384615384 0.08653846153846154
0 0.17067307692307693 0.6574519230769231 0.052884615384615384 0.08653846153846154
0 0.20552884615384615 0.6526442307692307 0.05048076923076923 0.08653846153846154
0 0.2403846153846154 0.65625 0.05048076923076923 0.08413461538461539
0 0.2932692307692308 0.6490384615384616 0.04807692307692308 0.07932692307692307
0 0.33052884615384615 0.6442307692307693 0.04807692307692308 0.08653846153846154
0 0.36899038461538464 0.6454326923076923 0.057692307692307696 0.09375
0 0.40384615384615385 0.6430288461538461 0.05048076923076923 0.08653846153846154
0 0.4387019230769231 0.6442307692307693 0.05048076923076923 0.0889423076923077
0 0.4735576923076923 0.640625 0.04326923076923077 0.0889423076923077
0 0.5120192307692307 0.640625 0.04567307692307692 0.09615384615384616
0 0.5492788461538461 0.6334134615384616 0.04567307692307692 0.08653846153846154
0 0.5889423076923077 0.6322115384615384 0.04567307692307692 0.09615384615384616
0 0.6262019230769231 0.6274038461538461 0.04567307692307692 0.09134615384615384
0 0.6670673076923077 0.6310096153846154 0.04567307692307692 0.09134615384615384
0 0.7067307692307693 0.6298076923076923 0.05048076923076923 0.09134615384615384
0 0.7463942307692307 0.625 0.05048076923076923 0.09134615384615384
0 0.7860576923076923 0.6213942307692307 0.05048076923076923 0.0985576923076923
0 0.8257211538461539 0.6213942307692307 0.055288461538461536 0.10096153846153846
0 0.8629807692307693 0.6141826923076923 0.05048076923076923 0.0985576923076923
0 0.9038461538461539 0.609375 0.057692307692307696 0.09615384615384616
0 0.04567307692307692 0.7896634615384616 0.057692307692307696 0.08413461538461539
0 0.0829326923076923 0.7908653846153846 0.06490384615384616 0.09375
1 0.12740384615384615 0.7884615384615384 0.06490384615384616 0.09615384615384616
1 0.16947115384615385 0.7860576923076923 0.06971153846153846 0.0985576923076923
0 0.21514423076923078 0.78125 0.06490384615384616 0.10336538461538461
0 0.2548076923076923 0.7788461538461539 0.0625 0.0985576923076923
0 0.3004807692307692 0.7728365384615384 0.06009615384615385 0.0889423076923077
0 0.3485576923076923 0.7740384615384616 0.06009615384615385 0.0889423076923077
0 0.39302884615384615 0.7788461538461539 0.0625 0.09375
0 0.4387019230769231 0.7692307692307693 0.057692307692307696 0.09134615384615384
0 0.4831730769230769 0.7704326923076923 0.05048076923076923 0.09615384615384616
0 0.5252403846153846 0.7716346153846154 0.055288461538461536 0.09615384615384616