0 0.20673076923076922 0.30408653846153844 0.040865384615384616 0.0673076923076923
0 0.23317307692307693 0.30408653846153844 0.038461538461538464 0.07211538461538461
0 0.2608173076923077 0.30288461538461536 0.038461538461538464 0.07211538461538461
0 0.2860576923076923 0.3004807692307692 0.040865384615384616 0.07211538461538461
0 0.3125 0.3016826923076923 0.038461538461538464 0.0673076923076923
0 0.35336538461538464 0.2956730769230769 0.036057692307692304 0.0673076923076923
0 0.38221153846153844 0.29447115384615385 0.03125 0.06490384615384616
0 0.4098557692307692 0.2956730769230769 0.028846153846153848 0.0673076923076923
0 0.43509615384615385 0.2920673076923077 0.03125 0.0673076923076923
0 0.46274038461538464 0.29086538461538464 0.03125 0.06490384615384616
0 0.4879807692307692 0.28725961538461536 0.028846153846153848 0.057692307692307696
0 0.515625 0.2860576923076923 0.03125 0.06009615384615385
0 0.5444711538461539 0.2800480769230769 0.028846153846153848 0.057692307692307696
0 0.5721153846153846 0.2800480769230769 0.03365384615384615 0.06490384615384616
0 0.6033653846153846 0.2776442307692308 0.028846153846153848 0.06490384615384616
0 0.6298076923076923 0.27403846153846156 0.03125 0.057692307692307696
0 0.6598557692307693 0.27283653846153844 0.03125 0.057692307692307696
0 0.6899038461538461 0.26802884615384615 0.03125 0.055288461538461536
0 0.7211538461538461 0.2692307692307692 0.03365384615384615 0.06009615384615385
0 0.7512019230769231 0.2644230769230769 0.03125 0.0673076923076923
0 0.7776442307692307 0.26322115384615385 0.036057692307692304 0.057692307692307696
0 0.8088942307692307 0.25721153846153844 0.040865384615384616 0.0673076923076923
0 0.17427884615384615 0.421875 0.04567307692307692 0.06490384615384616
0 0.20072115384615385 0.41947115384615385 0.04567307692307692 0.0673076923076923
0 0.2283653846153846 0.4206730769230769 0.04326923076923077 0.0673076923076923
0 0.2608173076923077 0.4182692307692308 0.04326923076923077 0.0625
0 0.2932692307692308 0.4182692307692308 0.040865384615384616 0.06490384615384616
0 0.3329326923076923 0.41586538461538464 0.038461538461538464 0.06009615384615385
0 0.3581730769230769 0.41346153846153844 0.038461538461538464 0.06490384615384616
0 0.3942307692307692 0.40625 0.038461538461538464 0.0625
0 0.421875 0.40625 0.038461538461538464 0.06009615384615385
0 0.4519230769230769 0.40384615384615385 0.038461538461538464 0.0673076923076923
0 0.4831730769230769 0.4014423076923077 0.036057692307692304 0.06490384615384616
0 0.5108173076923077 0.40024038461538464 0.036057692307692304 0.06490384615384616
0 0.5432692307692307 0.39783653846153844 0.036057692307692304 0.07211538461538461
0 0.5745192307692307 0.39783653846153844 0.03365384615384615 0.06490384615384616
0 0.6045673076923077 0.3918269230769231 0.038461538461538464 0.0673076923076923
0 0.6394230769230769 0.3858173076923077 0.036057692307692304 0.07692307692307693
0 0.671875 0.38822115384615385 0.036057692307692304 0.07932692307692307
0 0.7043269230769231 0.38341346153846156 0.040865384615384616 0.07932692307692307
0 0.7367788461538461 0.38461538461538464 0.038461538461538464 0.07451923076923077
0 0.7704326923076923 0.38221153846153844 0.04326923076923077 0.07932692307692307
0 0.8052884615384616 0.3798076923076923 0.038461538461538464 0.07451923076923077
0 0.8389423076923077 0.3786057692307692 0.040865384615384616 0.07211538461538461
0 0.15504807692307693 0.48677884615384615 0.04326923076923077 0.08413461538461539
0 0.18509615384615385 0.4879807692307692 0.05048076923076923 0.08653846153846154
0 0.21394230769230768 0.4807692307692308 0.04567307692307692 0.0889423076923077
0 0.24278846153846154 0.4879807692307692 0.04567307692307692 0.08413461538461539
0 0.27524038461538464 0.484375 0.04326923076923077 0.08653846153846154
0 0.32091346153846156 0.4855769230769231 0.036057692307692304 0.0889423076923077
0 0.35336538461538464 0.4807692307692308 0.04807692307692308 0.0889423076923077
0 0.38221153846153844 0.48197115384615385 0.04326923076923077 0.08173076923076923
0 0.41586538461538464 0.47596153846153844 0.04326923076923077 0.0889423076923077
0 0.44711538461538464 0.47836538461538464 0.036057692307692304 0.07932692307692307
0 0.4807692307692308 0.47716346153846156 0.038461538461538464 0.07932692307692307
0 0.5108173076923077 0.47596153846153844 0.038461538461538464 0.07451923076923077
0 0.5456730769230769 0.47115384615384615 0.03125 0.07451923076923077
0 0.5769230769230769 0.47115384615384615 0.038461538461538464 0.07451923076923077
0 0.609375 0.4675480769230769 0.03365384615384615 0.07692307692307693
0 0.6442307692307693 0.4639423076923077 0.036057692307692304 0.07692307692307693
0 0.6790865384615384 0.4651442307692308 0.036057692307692304 0.07451923076923077
0 0.7115384615384616 0.46153846153846156 0.040865384615384616 0.07211538461538461
0 0.7463942307692307 0.46033653846153844 0.038461538461538464 0.07932692307692307
0 0.7800480769230769 0.45552884615384615 0.04567307692307692 0.07932692307692307
0 0.8137019230769231 0.4567307692307692 0.040865384615384616 0.07211538461538461
0 0.8521634615384616 0.4483173076923077 0.04807692307692308 0.07932692307692307
0 0.10817307692307693 0.6490384615384616 0.05048076923076923 0.0889423076923077
0 0.13822115384615385 0.6502403846153846 0.05048076923076923 0.08173076923076923
0 0.17548076923076922 0.6490384615384616 0.05048076923076923 0.08413461538461539
0 0.2091346153846154 0.6454326923076923 0.04807692307692308 0.08173076923076923
0 0.24278846153846154 0.6490384615384616 0.04807692307692308 0.07932692307692307
0 0.29447115384615385 0.6430288461538461 0.04567307692307692 0.07451923076923077
0 0.33052884615384615 0.6394230769230769 0.04567307692307692 0.08173076923076923
0 0.36778846153846156 0.640625 0.055288461538461536 0.09134615384615384
0 0.4014423076923077 0.6382211538461539 0.04807692307692308 0.08413461538461539
0 0.4362980769230769 0.640625 0.04807692307692308 0.08653846153846154
0 0.4699519230769231 0.6370192307692307 0.040865384615384616 0.08653846153846154
0 0.5072115384615384 0.6370192307692307 0.04326923076923077 0.09375
0 0.5432692307692307 0.6310096153846154 0.04326923076923077 0.08173076923076923
0 0.5817307692307693 0.6322115384615384 0.040865384615384616 0.09134615384615384
0 0.6177884615384616 0.6274038461538461 0.040865384615384616 0.08653846153846154
0 0.6574519230769231 0.6310096153846154 0.04326923076923077 0.08653846153846154
0 0.6959134615384616 0.6310096153846154 0.04807692307692308 0.0889423076923077
0 0.734375 0.6274038461538461 0.04807692307692308 0.08653846153846154
0 0.7740384615384616 0.6237980769230769 0.04567307692307692 0.09375
0 0.8125 0.625 0.05048076923076923 0.09615384615384616
0 0.8497596153846154 0.6189903846153846 0.04807692307692308 0.09375
0 0.8882211538461539 0.6141826923076923 0.055288461538461536 0.09375
0 0.04927884615384615 0.7752403846153846 0.06009615384615385 0.08173076923076923
0 0.08774038461538461 0.7764423076923077 0.0625 0.09134615384615384
0 0.1310096153846154 0.7752403846153846 0.06009615384615385 0.09134615384615384
1 0.171875 0.7740384615384616 0.06490384615384616 0.09615384615384616
0 0.21514423076923078 0.7704326923076923 0.0625 0.0985576923076923
0 0.2536057692307692 0.7680288461538461 0.06009615384615385 0.09375
0 0.29927884615384615 0.7632211538461539 0.057692307692307696 0.08413461538461539
0 0.3449519230769231 0.765625 0.057692307692307696 0.08413461538461539
0 0.38822115384615385 0.7692307692307693 0.057692307692307696 0.0889423076923077
0 0.4326923076923077 0.7620192307692307 0.055288461538461536 0.0889423076923077
0 0.47596153846153844 0.7632211538461539 0.04807692307692308 0.09134615384615384
0 0.5180288461538461 0.765625 0.052884615384615384 0.09375