0 0.19951923076923078 0.28725961538461536 0.040865384615384616 0.0673076923076923
0 0.22596153846153846 0.28846153846153844 0.040865384615384616 0.07211538461538461
0 0.2536057692307692 0.2860576923076923 0.038461538461538464 0.07211538461538461
0 0.2800480769230769 0.28365384615384615 0.04326923076923077 0.07211538461538461
0 0.30649038461538464 0.2848557692307692 0.038461538461538464 0.0673076923076923
0 0.3485576923076923 0.27884615384615385 0.038461538461538464 0.06971153846153846
0 0.3786057692307692 0.2776442307692308 0.03125 0.06490384615384616
0 0.4050480769230769 0.27884615384615385 0.03125 0.06971153846153846
0 0.43149038461538464 0.27524038461538464 0.03125 0.06971153846153846
0 0.45913461538461536 0.27524038461538464 0.03365384615384615 0.0673076923076923
0 0.4855769230769231 0.2704326923076923 0.028846153846153848 0.06009615384615385
0 0.5132211538461539 0.2692307692307692 0.03125 0.0625
0 0.5432692307692307 0.26322115384615385 0.028846153846153848 0.057692307692307696
0 0.5721153846153846 0.2620192307692308 0.03365384615384615 0.06490384615384616
0 0.6033653846153846 0.25961538461538464 0.028846153846153848 0.06490384615384616
0 0.6310096153846154 0.25721153846153844 0.03125 0.06009615384615385
0 0.6610576923076923 0.25600961538461536 0.03125 0.06009615384615385
0 0.6899038461538461 0.2512019230769231 0.03125 0.055288461538461536
0 0.7223557692307693 0.25240384615384615 0.036057692307692304 0.06009615384615385
0 0.7524038461538461 0.24759615384615385 0.03365384615384615 0.0673076923076923
0 0.7800480769230769 0.24639423076923078 0.036057692307692304 0.06009615384615385
0 0.8112980769230769 0.2403846153846154 0.040865384615384616 0.0673076923076923
0 0.16706730769230768 0.4074519230769231 0.04807692307692308 0.06490384615384616
0 0.19471153846153846 0.4050480769230769 0.04567307692307692 0.0673076923076923
0 0.22235576923076922 0.40625 0.04326923076923077 0.06971153846153846
0 0.25600961538461536 0.4050480769230769 0.04567307692307692 0.0625
0 0.28846153846153844 0.40384615384615385 0.040865384615384616 0.0673076923076923
0 0.3269230769230769 0.40024038461538464 0.040865384615384616 0.0625
0 0.35336538461538464 0.39903846153846156 0.040865384615384616 0.0673076923076923
0 0.3894230769230769 0.3918269230769231 0.038461538461538464 0.0625
0 0.4182692307692308 0.3918269230769231 0.038461538461538464 0.0625
0 0.4483173076923077 0.38822115384615385 0.040865384615384616 0.0673076923076923
0 0.4807692307692308 0.3870192307692308 0.036057692307692304 0.0673076923076923
0 0.5084134615384616 0.3858173076923077 0.036057692307692304 0.06490384615384616
0 0.5408653846153846 0.38221153846153844 0.036057692307692304 0.07451923076923077
0 0.5733173076923077 0.38221153846153844 0.03365384615384615 0.06490384615384616
0 0.6045673076923077 0.3762019230769231 0.038461538461538464 0.06971153846153846
0 0.640625 0.3713942307692308 0.036057692307692304 0.07692307692307693
0 0.6730769230769231 0.3737980769230769 0.036057692307692304 0.07932692307692307
0 0.7043269230769231 0.36778846153846156 0.04326923076923077 0.07932692307692307
0 0.7391826923076923 0.36778846153846156 0.038461538461538464 0.07451923076923077
0 0.7728365384615384 0.36658653846153844 0.04326923076923077 0.08173076923076923
0 0.8064903846153846 0.3641826923076923 0.038461538461538464 0.07692307692307693
0 0.8413461538461539 0.3629807692307692 0.04326923076923077 0.07211538461538461
0 0.1466346153846154 0.4735576923076923 0.04326923076923077 0.08653846153846154
0 0.17908653846153846 0.47475961538461536 0.05048076923076923 0.08653846153846154
0 0.20673076923076922 0.46875 0.04567307692307692 0.0889423076923077
0 0.23677884615384615 0.47475961538461536 0.04807692307692308 0.08653846153846154
0 0.26802884615384615 0.47115384615384615 0.04326923076923077 0.08653846153846154
0 0.3161057692307692 0.4723557692307692 0.036057692307692304 0.09134615384615384
0 0.3485576923076923 0.46875 0.04807692307692308 0.0889423076923077
0 0.37740384615384615 0.4675480769230769 0.04326923076923077 0.08413461538461539
0 0.41225961538461536 0.46274038461538464 0.04326923076923077 0.0889423076923077
0 0.4423076923076923 0.4639423076923077 0.036057692307692304 0.08173076923076923
0 0.47836538461538464 0.46274038461538464 0.038461538461538464 0.08173076923076923
0 0.5084134615384616 0.46274038461538464 0.038461538461538464 0.07692307692307693
0 0.5432692307692307 0.4567307692307692 0.03125 0.07692307692307693
0 0.5757211538461539 0.4579326923076923 0.038461538461538464 0.07692307692307693
0 0.6081730769230769 0.4543269230769231 0.03365384615384615 0.07692307692307693
0 0.6430288461538461 0.45072115384615385 0.036057692307692304 0.07692307692307693
0 0.6790865384615384 0.4519230769230769 0.036057692307692304 0.07692307692307693
0 0.7115384615384616 0.4483173076923077 0.04326923076923077 0.07211538461538461
0 0.7475961538461539 0.44591346153846156 0.038461538461538464 0.07932692307692307
0 0.7824519230769231 0.4423076923076923 0.04567307692307692 0.07932692307692307
0 0.8173076923076923 0.4423076923076923 0.040865384615384616 0.07451923076923077
0 0.8557692307692307 0.4338942307692308 0.04807692307692308 0.08173076923076923
0 0.09975961538461539 0.6394230769230769 0.052884615384615384 0.0889423076923077
0 0.1310096153846154 0.6394230769230769 0.052884615384615384 0.08413461538461539
0 0.16826923076923078 0.6394230769230769 0.05048076923076923 0.08653846153846154
0 0.20192307692307693 0.6346153846153846 0.04807692307692308 0.08413461538461539
0 0.23677884615384615 0.6394230769230769 0.04807692307692308 0.08173076923076923
0 0.28966346153846156 0.6322115384615384 0.04567307692307692 0.07692307692307693
0 0.3245192307692308 0.6286057692307693 0.04807692307692308 0.08413461538461539
0 0.3641826923076923 0.6298076923076923 0.055288461538461536 0.09134615384615384
0 0.39663461538461536 0.6286057692307693 0.04807692307692308 0.08653846153846154
0 0.4338942307692308 0.6298076923076923 0.04807692307692308 0.08653846153846154
0 0.46634615384615385 0.6274038461538461 0.04326923076923077 0.08653846153846154
0 0.5048076923076923 0.6274038461538461 0.04326923076923077 0.09375
0 0.5408653846153846 0.6201923076923077 0.04326923076923077 0.08413461538461539
0 0.5805288461538461 0.6213942307692307 0.04326923076923077 0.09375
0 0.6177884615384616 0.6165865384615384 0.04326923076923077 0.0889423076923077
0 0.6574519230769231 0.6201923076923077 0.04326923076923077 0.0889423076923077
0 0.6971153846153846 0.6213942307692307 0.04807692307692308 0.0889423076923077
0 0.7355769230769231 0.6165865384615384 0.04807692307692308 0.0889423076923077
0 0.7752403846153846 0.6129807692307693 0.04807692307692308 0.09615384615384616
0 0.8149038461538461 0.6141826923076923 0.052884615384615384 0.0985576923076923
0 0.8521634615384616 0.6081730769230769 0.04807692307692308 0.09615384615384616
0 0.8918269230769231 0.6033653846153846 0.055288461538461536 0.09615384615384616
0 0.040865384615384616 0.765625 0.057692307692307696 0.08173076923076923
0 0.078125 0.7680288461538461 0.0625 0.09134615384615384
0 0.12139423076923077 0.7680288461538461 0.0625 0.09375
1 0.16346153846153846 0.765625 0.0673076923076923 0.09615384615384616
0 0.20793269230769232 0.7608173076923077 0.0625 0.10096153846153846
0 0.24759615384615385 0.7584134615384616 0.06009615384615385 0.09615384615384616
0 0.2932692307692308 0.7548076923076923 0.06009615384615385 0.08653846153846154
0 0.3401442307692308 0.7572115384615384 0.06009615384615385 0.08653846153846154
0 0.38341346153846156 0.7608173076923077 0.057692307692307696 0.09134615384615384
0 0.42908653846153844 0.7536057692307693 0.055288461538461536 0.0889423076923077
0 0.4735576923076923 0.7548076923076923 0.04807692307692308 0.09375
0 0.515625 0.7572115384615384 0.052884615384615384 0.09375