0 0.8076923076923077 0.359375 0.05048076923076923 0.07211538461538461
0 0.7824519230769231 0.3557692307692308 0.052884615384615384 0.07692307692307693
0 0.7548076923076923 0.3485576923076923 0.05048076923076923 0.07692307692307693
0 0.7295673076923077 0.3425480769230769 0.052884615384615384 0.07692307692307693
0 0.7043269230769231 0.3389423076923077 0.04807692307692308 0.07211538461538461
0 0.6634615384615384 0.32572115384615385 0.04807692307692308 0.07451923076923077
0 0.6346153846153846 0.31850961538461536 0.04326923076923077 0.0673076923076923
0 0.6081730769230769 0.31490384615384615 0.04326923076923077 0.07211538461538461
0 0.5829326923076923 0.30649038461538464 0.04326923076923077 0.07211538461538461
0 0.5552884615384616 0.3016826923076923 0.04326923076923077 0.06971153846153846
0 0.5300480769230769 0.2932692307692308 0.038461538461538464 0.06009615384615385
0 0.5036057692307693 0.28725961538461536 0.040865384615384616 0.06490384615384616
0 0.47596153846153844 0.2764423076923077 0.038461538461538464 0.06009615384615385
0 0.44711538461538464 0.2704326923076923 0.04326923076923077 0.0673076923076923
0 0.4170673076923077 0.2644230769230769 0.040865384615384616 0.0673076923076923
0 0.390625 0.2548076923076923 0.040865384615384616 0.0625
0 0.36177884615384615 0.24879807692307693 0.040865384615384616 0.0625
0 0.3329326923076923 0.23918269230769232 0.040865384615384616 0.06009615384615385
0 0.3016826923076923 0.234375 0.04567307692307692 0.06490384615384616
0 0.27283653846153844 0.2247596153846154 0.04326923076923077 0.07211538461538461
0 0.24639423076923078 0.21875 0.04326923076923077 0.0625
0 0.21754807692307693 0.20793269230769232 0.05048076923076923 0.07211538461538461
0 0.8197115384615384 0.4831730769230769 0.057692307692307696 0.06971153846153846
0 0.7944711538461539 0.47596153846153844 0.057692307692307696 0.07451923076923077
0 0.765625 0.47115384615384615 0.052884615384615384 0.07451923076923077
0 0.7331730769230769 0.4639423076923077 0.055288461538461536 0.06971153846153846
0 0.7007211538461539 0.4579326923076923 0.052884615384615384 0.06971153846153846
0 0.6622596153846154 0.4483173076923077 0.05048076923076923 0.0673076923076923
0 0.6382211538461539 0.4423076923076923 0.05048076923076923 0.06971153846153846
0 0.6045673076923077 0.42788461538461536 0.04807692307692308 0.0673076923076923
0 0.5757211538461539 0.42427884615384615 0.04807692307692308 0.0673076923076923
0 0.546875 0.41586538461538464 0.05048076923076923 0.07211538461538461
0 0.5168269230769231 0.4074519230769231 0.04807692307692308 0.06971153846153846
0 0.4891826923076923 0.4026442307692308 0.04567307692307692 0.0673076923076923
0 0.4567307692307692 0.3942307692307692 0.04567307692307692 0.07692307692307693
0 0.4254807692307692 0.38822115384615385 0.04567307692307692 0.0673076923076923
0 0.39663461538461536 0.37740384615384615 0.05048076923076923 0.07451923076923077
0 0.36177884615384615 0.3641826923076923 0.04807692307692308 0.08173076923076923
0 0.3293269230769231 0.3629807692307692 0.04807692307692308 0.08173076923076923
0 0.29927884615384615 0.35096153846153844 0.052884615384615384 0.08413461538461539
0 0.265625 0.34615384615384615 0.05048076923076923 0.07932692307692307
0 0.23317307692307693 0.3389423076923077 0.055288461538461536 0.08413461538461539
0 0.19951923076923078 0.3293269230769231 0.05048076923076923 0.07932692307692307
0 0.1658653846153846 0.3233173076923077 0.052884615384615384 0.07692307692307693
0 0.8257211538461539 0.5504807692307693 0.055288461538461536 0.0889423076923077
0 0.796875 0.5456730769230769 0.06490384615384616 0.09134615384615384
0 0.7692307692307693 0.5348557692307693 0.06009615384615385 0.09615384615384616
0 0.7391826923076923 0.5372596153846154 0.06009615384615385 0.09134615384615384
0 0.7079326923076923 0.5276442307692307 0.055288461538461536 0.09134615384615384
0 0.6622596153846154 0.5204326923076923 0.05048076923076923 0.09375
0 0.6310096153846154 0.5108173076923077 0.0625 0.09615384615384616
0 0.6021634615384616 0.5048076923076923 0.057692307692307696 0.0889423076923077
0 0.5697115384615384 0.49399038461538464 0.057692307692307696 0.09375
0 0.5396634615384616 0.49038461538461536 0.04807692307692308 0.08413461538461539
0 0.5048076923076923 0.4831730769230769 0.05048076923076923 0.08413461538461539
0 0.47475961538461536 0.47716346153846156 0.05048076923076923 0.07932692307692307
0 0.4411057692307692 0.46634615384615385 0.04326923076923077 0.07932692307692307
0 0.4098557692307692 0.46033653846153844 0.05048076923076923 0.07932692307692307
0 0.3786057692307692 0.4519230769230769 0.04567307692307692 0.08173076923076923
0 0.34615384615384615 0.4423076923076923 0.04807692307692308 0.08173076923076923
0 0.31009615384615385 0.4375 0.04807692307692308 0.07932692307692307
0 0.27884615384615385 0.42788461538461536 0.052884615384615384 0.07692307692307693
0 0.24278846153846154 0.4206730769230769 0.05048076923076923 0.08173076923076923
0 0.21033653846153846 0.4098557692307692 0.057692307692307696 0.08413461538461539
0 0.17548076923076922 0.4050480769230769 0.052884615384615384 0.07692307692307693
0 0.140625 0.3894230769230769 0.06009615384615385 0.08653846153846154
0 0.8461538461538461 0.7211538461538461 0.0673076923076923 0.09615384615384616
0 0.8149038461538461 0.7163461538461539 0.06490384615384616 0.09134615384615384
0 0.7788461538461539 0.7091346153846154 0.06490384615384616 0.09134615384615384
0 0.7463942307692307 0.6983173076923077 0.06009615384615385 0.0889423076923077
0 0.7127403846153846 0.6971153846153846 0.06009615384615385 0.08653846153846154
0 0.6598557692307693 0.6814903846153846 0.057692307692307696 0.08173076923076923
0 0.6262019230769231 0.6706730769230769 0.06009615384615385 0.0889423076923077
0 0.5889423076923077 0.6658653846153846 0.06971153846153846 0.0985576923076923
0 0.5564903846153846 0.6586538461538461 0.06009615384615385 0.09134615384615384
0 0.5204326923076923 0.6538461538461539 0.06009615384615385 0.09134615384615384
0 0.4879807692307692 0.6454326923076923 0.055288461538461536 0.09134615384615384
0 0.45072115384615385 0.6394230769230769 0.057692307692307696 0.0985576923076923
0 0.41586538461538464 0.6274038461538461 0.057692307692307696 0.0889423076923077
0 0.37740384615384615 0.6201923076923077 0.057692307692307696 0.09615384615384616
0 0.34134615384615385 0.609375 0.055288461538461536 0.09375
0 0.3016826923076923 0.6057692307692307 0.057692307692307696 0.09375
0 0.2620192307692308 0.5997596153846154 0.0625 0.09615384615384616
0 0.22596153846153846 0.5889423076923077 0.0625 0.09375
0 0.1875 0.578125 0.0625 0.10096153846153846
0 0.14903846153846154 0.5733173076923077 0.0673076923076923 0.10336538461538461
0 0.1141826923076923 0.5600961538461539 0.0625 0.10096153846153846
0 0.07451923076923077 0.5480769230769231 0.06971153846153846 0.10096153846153846
0 0.8822115384615384 0.8557692307692307 0.07211538461538461 0.0889423076923077
0 0.8449519230769231 0.8509615384615384 0.07692307692307693 0.0985576923076923
0 0.8004807692307693 0.84375 0.07692307692307693 0.10096153846153846
1 0.7608173076923077 0.8341346153846154 0.08173076923076923 0.10576923076923077
0 0.7175480769230769 0.8221153846153846 0.07692307692307693 0.10817307692307693
0 0.6790865384615384 0.8125 0.07451923076923077 0.10096153846153846
0 0.6346153846153846 0.8016826923076923 0.07211538461538461 0.09375
0 0.5889423076923077 0.7956730769230769 0.07211538461538461 0.09375
0 0.5444711538461539 0.7920673076923077 0.07211538461538461 0.0985576923076923
0 0.5024038461538461 0.7764423076923077 0.06971153846153846 0.09615384615384616
0 0.45913461538461536 0.7704326923076923 0.0625 0.0985576923076923
0 0.4182692307692308 0.7644230769230769 0.0673076923076923 0.10096153846153846