0 0.19471153846153846 0.3425480769230769 0.04807692307692308 0.06971153846153846
0 0.21875 0.3401442307692308 0.04807692307692308 0.07451923076923077
0 0.24639423076923078 0.33413461538461536 0.04807692307692308 0.07211538461538461
0 0.2692307692307692 0.328125 0.04807692307692308 0.07451923076923077
1 0.2956730769230769 0.3245192307692308 0.04567307692307692 0.06971153846153846
1 0.33413461538461536 0.3125 0.04567307692307692 0.06971153846153846
1 0.36177884615384615 0.30649038461538464 0.038461538461538464 0.06490384615384616
0 0.3870192307692308 0.30408653846153844 0.038461538461538464 0.06971153846153846
0 0.4110576923076923 0.296875 0.038461538461538464 0.06971153846153846
1 0.4387019230769231 0.2920673076923077 0.040865384615384616 0.06490384615384616
0 0.46274038461538464 0.2848557692307692 0.036057692307692304 0.06009615384615385
1 0.4891826923076923 0.27884615384615385 0.038461538461538464 0.0625
0 0.515625 0.26802884615384615 0.036057692307692304 0.057692307692307696
0 0.5432692307692307 0.26322115384615385 0.040865384615384616 0.06490384615384616
0 0.5721153846153846 0.25721153846153844 0.036057692307692304 0.06490384615384616
0 0.5985576923076923 0.25 0.038461538461538464 0.06009615384615385
1 0.6262019230769231 0.24519230769230768 0.038461538461538464 0.06009615384615385
1 0.6538461538461539 0.23557692307692307 0.038461538461538464 0.055288461538461536
1 0.6838942307692307 0.23076923076923078 0.04326923076923077 0.0625
0 0.7127403846153846 0.22115384615384615 0.040865384615384616 0.0673076923076923
0 0.7379807692307693 0.21634615384615385 0.040865384615384616 0.06009615384615385
1 0.765625 0.20793269230769232 0.04807692307692308 0.06971153846153846
0 0.1814903846153846 0.46153846153846156 0.052884615384615384 0.0673076923076923
0 0.20552884615384615 0.45552884615384615 0.055288461538461536 0.07211538461538461
1 0.23317307692307693 0.4519230769230769 0.05048076923076923 0.07211538461538461
0 0.2644230769230769 0.44591346153846156 0.052884615384615384 0.06490384615384616
1 0.2956730769230769 0.43990384615384615 0.04807692307692308 0.0673076923076923
1 0.3317307692307692 0.43149038461538464 0.04807692307692308 0.06490384615384616
0 0.35697115384615385 0.4254807692307692 0.04807692307692308 0.0673076923076923
1 0.3894230769230769 0.41346153846153844 0.04567307692307692 0.06490384615384616
0 0.4170673076923077 0.4098557692307692 0.04567307692307692 0.0625
0 0.44471153846153844 0.4026442307692308 0.04807692307692308 0.06971153846153846
0 0.47475961538461536 0.3942307692307692 0.04567307692307692 0.0673076923076923
0 0.5012019230769231 0.390625 0.04326923076923077 0.06490384615384616
0 0.53125 0.38100961538461536 0.04326923076923077 0.07211538461538461
1 0.5625 0.37740384615384615 0.040865384615384616 0.06490384615384616
0 0.5913461538461539 0.36778846153846156 0.04807692307692308 0.06971153846153846
0 0.6225961538461539 0.3557692307692308 0.04567307692307692 0.07932692307692307
1 0.65625 0.35336538461538464 0.04567307692307692 0.07932692307692307
0 0.6838942307692307 0.34375 0.05048076923076923 0.07932692307692307
0 0.7163461538461539 0.3401442307692308 0.04567307692307692 0.07451923076923077
0 0.7487980769230769 0.3329326923076923 0.052884615384615384 0.08173076923076923
0 0.78125 0.3245192307692308 0.04807692307692308 0.07692307692307693
0 0.8137019230769231 0.31850961538461536 0.05048076923076923 0.07451923076923077
1 0.17307692307692307 0.5276442307692307 0.052884615384615384 0.08653846153846154
1 0.20192307692307693 0.5228365384615384 0.06009615384615385 0.0889423076923077
1 0.22716346153846154 0.5132211538461539 0.057692307692307696 0.09134615384615384
1 0.25721153846153844 0.5144230769230769 0.057692307692307696 0.08653846153846154
1 0.28725961538461536 0.5060096153846154 0.052884615384615384 0.08653846153846154
1 0.3317307692307692 0.5 0.04807692307692308 0.0889423076923077
1 0.3629807692307692 0.49278846153846156 0.057692307692307696 0.09134615384615384
1 0.390625 0.4879807692307692 0.052884615384615384 0.08413461538461539
1 0.4206730769230769 0.47596153846153844 0.055288461538461536 0.09134615384615384
1 0.4519230769230769 0.47475961538461536 0.04567307692307692 0.08173076923076923
1 0.484375 0.4675480769230769 0.04807692307692308 0.08173076923076923
1 0.5132211538461539 0.46153846153846156 0.04807692307692308 0.07692307692307693
1 0.5456730769230769 0.4519230769230769 0.040865384615384616 0.07692307692307693
1 0.5757211538461539 0.44711538461538464 0.04567307692307692 0.07692307692307693
1 0.6069711538461539 0.43990384615384615 0.04326923076923077 0.07692307692307693
1 0.6382211538461539 0.43028846153846156 0.04567307692307692 0.07932692307692307
1 0.671875 0.4266826923076923 0.04567307692307692 0.07692307692307693
0 0.7019230769230769 0.4170673076923077 0.04807692307692308 0.07451923076923077
1 0.7367788461538461 0.4110576923076923 0.04807692307692308 0.07932692307692307
1 0.7692307692307693 0.4026442307692308 0.055288461538461536 0.08173076923076923
1 0.8028846153846154 0.39783653846153844 0.05048076923076923 0.07451923076923077
1 0.8365384615384616 0.38461538461538464 0.057692307692307696 0.08173076923076923
1 0.15144230769230768 0.6911057692307693 0.0625 0.09134615384615384
1 0.1814903846153846 0.6875 0.06009615384615385 0.08653846153846154
1 0.21634615384615385 0.6802884615384616 0.06009615384615385 0.0889423076923077
1 0.24759615384615385 0.671875 0.057692307692307696 0.08413461538461539
1 0.2800480769230769 0.6694711538461539 0.057692307692307696 0.08173076923076923
1 0.33052884615384615 0.65625 0.052884615384615384 0.07932692307692307
1 0.3641826923076923 0.6466346153846154 0.055288461538461536 0.08413461538461539
1 0.40024038461538464 0.6430288461538461 0.06490384615384616 0.09375
1 0.43149038461538464 0.6358173076923077 0.057692307692307696 0.08653846153846154
1 0.46634615384615385 0.6322115384615384 0.057692307692307696 0.0889423076923077
1 0.49759615384615385 0.6237980769230769 0.052884615384615384 0.08653846153846154
0 0.5336538461538461 0.6177884615384616 0.055288461538461536 0.09375
1 0.5673076923076923 0.6069711538461539 0.052884615384615384 0.08413461538461539
1 0.6045673076923077 0.6009615384615384 0.052884615384615384 0.09134615384615384
1 0.6382211538461539 0.5925480769230769 0.052884615384615384 0.0889423076923077
1 0.6778846153846154 0.5889423076923077 0.052884615384615384 0.0889423076923077
1 0.7151442307692307 0.5829326923076923 0.057692307692307696 0.09134615384615384
0 0.7512019230769231 0.5733173076923077 0.057692307692307696 0.0889423076923077
1 0.7884615384615384 0.5649038461538461 0.057692307692307696 0.09615384615384616
1 0.8257211538461539 0.5600961538461539 0.0625 0.10096153846153846
0 0.8605769230769231 0.5492788461538461 0.06009615384615385 0.09615384615384616
1 0.8978365384615384 0.5384615384615384 0.0673076923076923 0.09615384615384616
1 0.1141826923076923 0.8197115384615384 0.06971153846153846 0.08413461538461539
0 0.1502403846153846 0.8161057692307693 0.07211538461538461 0.09615384615384616
1 0.19230769230769232 0.8100961538461539 0.07211538461538461 0.09615384615384616
1 0.23076923076923078 0.8016826923076923 0.07692307692307693 0.10096153846153846
0 0.27283653846153844 0.7908653846153846 0.07211538461538461 0.10336538461538461
0 0.31009615384615385 0.7824519230769231 0.07211538461538461 0.0985576923076923
1 0.35216346153846156 0.7716346153846154 0.0673076923076923 0.0889423076923077
0 0.39783653846153844 0.765625 0.0673076923076923 0.0889423076923077
0 0.4387019230769231 0.7632211538461539 0.0673076923076923 0.09375
1 0.48197115384615385 0.75 0.06490384615384616 0.09134615384615384
1 0.5240384615384616 0.7439903846153846 0.06009615384615385 0.09375
1 0.5637019230769231 0.7391826923076923 0.06490384615384616 0.09615384615384616