0 0.7019230769230769 0.20192307692307693 0.052884615384615384 0.07211538461538461
0 0.6778846153846154 0.21033653846153846 0.052884615384615384 0.07692307692307693
0 0.6514423076923077 0.21754807692307693 0.05048076923076923 0.07692307692307693
0 0.625 0.22235576923076922 0.052884615384615384 0.07692307692307693
0 0.5997596153846154 0.23076923076923078 0.05048076923076923 0.07211538461538461
0 0.5588942307692307 0.23798076923076922 0.05048076923076923 0.07211538461538461
0 0.5300480769230769 0.24519230769230768 0.04326923076923077 0.0673076923076923
0 0.5048076923076923 0.2536057692307692 0.040865384615384616 0.06971153846153846
0 0.4807692307692308 0.25721153846153844 0.04326923076923077 0.06971153846153846
0 0.4543269230769231 0.2644230769230769 0.04326923076923077 0.06971153846153846
0 0.42788461538461536 0.2692307692307692 0.038461538461538464 0.06009615384615385
0 0.40024038461538464 0.27524038461538464 0.040865384615384616 0.06490384615384616
0 0.3701923076923077 0.27884615384615385 0.038461538461538464 0.06009615384615385
0 0.3425480769230769 0.2860576923076923 0.04326923076923077 0.0673076923076923
0 0.3137019230769231 0.2932692307692308 0.040865384615384616 0.0673076923076923
0 0.2860576923076923 0.2980769230769231 0.040865384615384616 0.0625
0 0.25721153846153844 0.30528846153846156 0.040865384615384616 0.0625
0 0.22716346153846154 0.31009615384615385 0.040865384615384616 0.06009615384615385
0 0.1971153846153846 0.31971153846153844 0.04326923076923077 0.0625
0 0.16706730769230768 0.3245192307692308 0.04326923076923077 0.06971153846153846
0 0.140625 0.33052884615384615 0.04567307692307692 0.0625
0 0.109375 0.33533653846153844 0.052884615384615384 0.07211538461538461
0 0.7692307692307693 0.30649038461538464 0.057692307692307696 0.07211538461538461
0 0.7427884615384616 0.3112980769230769 0.057692307692307696 0.07451923076923077
0 0.7163461538461539 0.32091346153846156 0.055288461538461536 0.07451923076923077
0 0.6838942307692307 0.3293269230769231 0.055288461538461536 0.06971153846153846
0 0.6526442307692307 0.33774038461538464 0.052884615384615384 0.07211538461538461
0 0.6141826923076923 0.34615384615384615 0.05048076923076923 0.0673076923076923
0 0.5889423076923077 0.35336538461538464 0.05048076923076923 0.06971153846153846
0 0.5528846153846154 0.3557692307692308 0.04807692307692308 0.0673076923076923
0 0.5264423076923077 0.3641826923076923 0.04807692307692308 0.06490384615384616
0 0.4963942307692308 0.3701923076923077 0.052884615384615384 0.07211538461538461
0 0.4651442307692308 0.37740384615384615 0.04807692307692308 0.06971153846153846
0 0.4387019230769231 0.38341346153846156 0.04567307692307692 0.0673076923076923
0 0.4074519230769231 0.390625 0.04807692307692308 0.07692307692307693
0 0.37740384615384615 0.39903846153846156 0.04567307692307692 0.0673076923076923
0 0.34615384615384615 0.40384615384615385 0.05048076923076923 0.07211538461538461
0 0.31009615384615385 0.40865384615384615 0.04807692307692308 0.08173076923076923
0 0.2800480769230769 0.4206730769230769 0.05048076923076923 0.08173076923076923
0 0.24759615384615385 0.42427884615384615 0.055288461538461536 0.08413461538461539
0 0.21634615384615385 0.43509615384615385 0.05048076923076923 0.07692307692307693
0 0.18389423076923078 0.4423076923076923 0.057692307692307696 0.08653846153846154
0 0.14903846153846154 0.45072115384615385 0.05048076923076923 0.07932692307692307
0 0.11538461538461539 0.45913461538461536 0.055288461538461536 0.07692307692307693
0 0.8064903846153846 0.3629807692307692 0.057692307692307696 0.0889423076923077
0 0.7764423076923077 0.37259615384615385 0.06490384615384616 0.09375
0 0.7487980769230769 0.375 0.0625 0.09375
0 0.7223557692307693 0.3894230769230769 0.06009615384615385 0.09134615384615384
0 0.6911057692307693 0.3954326923076923 0.057692307692307696 0.09134615384615384
0 0.6466346153846154 0.4098557692307692 0.052884615384615384 0.09375
0 0.6141826923076923 0.41586538461538464 0.06490384615384616 0.09375
0 0.5865384615384616 0.4254807692307692 0.057692307692307696 0.0889423076923077
0 0.5516826923076923 0.42908653846153844 0.06009615384615385 0.09375
0 0.5240384615384616 0.4411057692307692 0.04807692307692308 0.08413461538461539
0 0.49038461538461536 0.4495192307692308 0.052884615384615384 0.08413461538461539
0 0.46033653846153844 0.4567307692307692 0.05048076923076923 0.07932692307692307
0 0.4266826923076923 0.46274038461538464 0.04567307692307692 0.07692307692307693
0 0.39663461538461536 0.47115384615384615 0.05048076923076923 0.07932692307692307
0 0.3629807692307692 0.47836538461538464 0.04807692307692308 0.08173076923076923
0 0.33052884615384615 0.484375 0.05048076923076923 0.08173076923076923
0 0.2956730769230769 0.4963942307692308 0.04807692307692308 0.07932692307692307
0 0.2644230769230769 0.5024038461538461 0.052884615384615384 0.07692307692307693
0 0.22956730769230768 0.5120192307692307 0.052884615384615384 0.08413461538461539
0 0.19591346153846154 0.5168269230769231 0.057692307692307696 0.08413461538461539
0 0.1622596153846154 0.5288461538461539 0.052884615384615384 0.07692307692307693
0 0.125 0.5300480769230769 0.0625 0.08653846153846154
0 0.9002403846153846 0.5048076923076923 0.0673076923076923 0.09615384615384616
0 0.8701923076923077 0.515625 0.06490384615384616 0.09134615384615384
0 0.8341346153846154 0.5240384615384616 0.06490384615384616 0.09134615384615384
0 0.8016826923076923 0.53125 0.0625 0.0889423076923077
0 0.7704326923076923 0.5444711538461539 0.0625 0.08653846153846154
0 0.7175480769230769 0.5528846153846154 0.057692307692307696 0.08173076923076923
0 0.6826923076923077 0.5612980769230769 0.06009615384615385 0.0889423076923077
0 0.6466346153846154 0.5733173076923077 0.06971153846153846 0.0985576923076923
0 0.6141826923076923 0.5817307692307693 0.0625 0.09134615384615384
0 0.5805288461538461 0.59375 0.0625 0.09134615384615384
0 0.546875 0.5997596153846154 0.057692307692307696 0.09134615384615384
0 0.5120192307692307 0.6105769230769231 0.06009615384615385 0.0985576923076923
0 0.47596153846153844 0.6165865384615384 0.057692307692307696 0.0889423076923077
0 0.4387019230769231 0.6262019230769231 0.057692307692307696 0.09615384615384616
0 0.4026442307692308 0.6346153846153846 0.057692307692307696 0.09134615384615384
0 0.36538461538461536 0.6490384615384616 0.057692307692307696 0.09134615384615384
0 0.328125 0.6610576923076923 0.0625 0.09375
0 0.28966346153846156 0.6682692307692307 0.06490384615384616 0.09375
0 0.25240384615384615 0.6766826923076923 0.0625 0.10096153846153846
0 0.21514423076923078 0.6887019230769231 0.06971153846153846 0.10576923076923077
0 0.17668269230769232 0.6947115384615384 0.06490384615384616 0.10096153846153846
0 0.13822115384615385 0.7019230769230769 0.07211538461538461 0.10096153846153846
0 0.9783653846153846 0.6069711538461539 0.04326923076923077 0.0889423076923077
0 0.9567307692307693 0.6213942307692307 0.07692307692307693 0.10096153846153846
0 0.9146634615384616 0.6346153846153846 0.07692307692307693 0.10096153846153846
1 0.875 0.6442307692307693 0.08413461538461539 0.10576923076923077
0 0.8317307692307693 0.6526442307692307 0.07932692307692307 0.10817307692307693
0 0.7932692307692307 0.6622596153846154 0.07692307692307693 0.10096153846153846
0 0.75 0.671875 0.07211538461538461 0.09375
0 0.7055288461538461 0.6862980769230769 0.07211538461538461 0.09375
0 0.6646634615384616 0.7043269230769231 0.07451923076923077 0.09615384615384616
0 0.6201923076923077 0.7103365384615384 0.06971153846153846 0.09615384615384616
0 0.5793269230769231 0.7247596153846154 0.06490384615384616 0.0985576923076923
0 0.5396634615384616 0.7379807692307693 0.06971153846153846 0.10096153846153846