0 0.8389423076923077 0.2800480769230769 0.04326923076923077 0.06971153846153846
0 0.8125 0.28125 0.04326923076923077 0.07451923076923077
0 0.7836538461538461 0.27884615384615385 0.040865384615384616 0.07451923076923077
0 0.7584134615384616 0.2764423076923077 0.04326923076923077 0.07451923076923077
0 0.7295673076923077 0.2764423076923077 0.040865384615384616 0.06971153846153846
0 0.6875 0.2692307692307692 0.038461538461538464 0.06971153846153846
0 0.6574519230769231 0.26802884615384615 0.03365384615384615 0.0673076923076923
0 0.6298076923076923 0.26802884615384615 0.03125 0.06971153846153846
0 0.6033653846153846 0.2644230769230769 0.03365384615384615 0.06971153846153846
0 0.5745192307692307 0.26322115384615385 0.03365384615384615 0.0673076923076923
0 0.546875 0.25841346153846156 0.03125 0.06009615384615385
0 0.5180288461538461 0.25721153846153844 0.03365384615384615 0.0625
0 0.4879807692307692 0.25 0.03125 0.057692307692307696
0 0.45913461538461536 0.24759615384615385 0.036057692307692304 0.0673076923076923
0 0.42788461538461536 0.24519230769230768 0.03125 0.0673076923076923
0 0.39903846153846156 0.24278846153846154 0.03365384615384615 0.06009615384615385
0 0.36778846153846156 0.2403846153846154 0.03365384615384615 0.06009615384615385
0 0.33774038461538464 0.23557692307692307 0.03365384615384615 0.057692307692307696
0 0.30528846153846156 0.234375 0.036057692307692304 0.0625
0 0.27403846153846156 0.2283653846153846 0.03365384615384615 0.06971153846153846
0 0.24519230769230768 0.22716346153846154 0.038461538461538464 0.06009615384615385
0 0.21514423076923078 0.22235576923076922 0.04326923076923077 0.06971153846153846
0 0.8701923076923077 0.40384615384615385 0.05048076923076923 0.0673076923076923
0 0.84375 0.4014423076923077 0.04807692307692308 0.06971153846153846
0 0.8149038461538461 0.4014423076923077 0.04567307692307692 0.07211538461538461
0 0.7800480769230769 0.39903846153846156 0.04807692307692308 0.06490384615384616
0 0.7463942307692307 0.39783653846153844 0.04326923076923077 0.06971153846153846
0 0.7067307692307693 0.3954326923076923 0.04326923076923077 0.06490384615384616
0 0.6802884615384616 0.3918269230769231 0.04326923076923077 0.06971153846153846
0 0.6430288461538461 0.38341346153846156 0.040865384615384616 0.06490384615384616
0 0.6141826923076923 0.38341346153846156 0.040865384615384616 0.0625
0 0.5829326923076923 0.38100961538461536 0.04326923076923077 0.06971153846153846
0 0.5504807692307693 0.37740384615384615 0.038461538461538464 0.0673076923076923
0 0.5216346153846154 0.3762019230769231 0.038461538461538464 0.0673076923076923
0 0.4879807692307692 0.3713942307692308 0.038461538461538464 0.07451923076923077
0 0.45552884615384615 0.3713942307692308 0.036057692307692304 0.0673076923076923
0 0.42427884615384615 0.36538461538461536 0.040865384615384616 0.07211538461538461
0 0.38822115384615385 0.3581730769230769 0.038461538461538464 0.07932692307692307
0 0.35336538461538464 0.3605769230769231 0.038461538461538464 0.08173076923076923
0 0.32091346153846156 0.35336538461538464 0.04326923076923077 0.08173076923076923
0 0.2860576923076923 0.35336538461538464 0.040865384615384616 0.07692307692307693
0 0.2512019230769231 0.35096153846153844 0.04567307692307692 0.08413461538461539
0 0.21634615384615385 0.3485576923076923 0.040865384615384616 0.07932692307692307
0 0.18028846153846154 0.34615384615384615 0.04567307692307692 0.07451923076923077
0 0.8894230769230769 0.4723557692307692 0.04567307692307692 0.0889423076923077
0 0.8581730769230769 0.4723557692307692 0.052884615384615384 0.0889423076923077
0 0.8293269230769231 0.46634615384615385 0.05048076923076923 0.09375
0 0.7980769230769231 0.47115384615384615 0.04807692307692308 0.0889423076923077
0 0.765625 0.4675480769230769 0.04567307692307692 0.0889423076923077
0 0.7175480769230769 0.46875 0.038461538461538464 0.09375
0 0.6826923076923077 0.4639423076923077 0.052884615384615384 0.09375
0 0.6538461538461539 0.46274038461538464 0.04567307692307692 0.08653846153846154
0 0.6189903846153846 0.45552884615384615 0.04807692307692308 0.09375
0 0.5877403846153846 0.4579326923076923 0.038461538461538464 0.08173076923076923
0 0.5516826923076923 0.45552884615384615 0.040865384615384616 0.08173076923076923
0 0.5204326923076923 0.4543269230769231 0.040865384615384616 0.07932692307692307
0 0.484375 0.4483173076923077 0.03365384615384615 0.07932692307692307
0 0.4519230769230769 0.44711538461538464 0.040865384615384616 0.07932692307692307
0 0.4182692307692308 0.44471153846153844 0.036057692307692304 0.07932692307692307
0 0.38221153846153844 0.4387019230769231 0.038461538461538464 0.07932692307692307
0 0.34615384615384615 0.43990384615384615 0.038461538461538464 0.07932692307692307
0 0.3125 0.4362980769230769 0.04326923076923077 0.07451923076923077
0 0.27524038461538464 0.4338942307692308 0.040865384615384616 0.08173076923076923
0 0.2403846153846154 0.42908653846153844 0.04807692307692308 0.08173076923076923
0 0.20552884615384615 0.42908653846153844 0.04326923076923077 0.07692307692307693
0 0.1658653846153846 0.41947115384615385 0.05048076923076923 0.08413461538461539
0 0.9362980769230769 0.6418269230769231 0.055288461538461536 0.09375
0 0.9050480769230769 0.6430288461538461 0.055288461538461536 0.08653846153846154
0 0.8665865384615384 0.6418269230769231 0.052884615384615384 0.0889423076923077
0 0.8317307692307693 0.6370192307692307 0.05048076923076923 0.08653846153846154
0 0.7956730769230769 0.6394230769230769 0.05048076923076923 0.08413461538461539
0 0.7415865384615384 0.6322115384615384 0.04807692307692308 0.07932692307692307
0 0.7043269230769231 0.6274038461538461 0.04807692307692308 0.08653846153846154
0 0.6658653846153846 0.6286057692307693 0.057692307692307696 0.09375
0 0.6310096153846154 0.6262019230769231 0.05048076923076923 0.0889423076923077
0 0.5949519230769231 0.6274038461538461 0.05048076923076923 0.0889423076923077
0 0.5600961538461539 0.6237980769230769 0.04326923076923077 0.0889423076923077
0 0.5216346153846154 0.6225961538461539 0.04567307692307692 0.0985576923076923
0 0.484375 0.6153846153846154 0.04567307692307692 0.08653846153846154
0 0.44350961538461536 0.6153846153846154 0.04567307692307692 0.09615384615384616
0 0.4050480769230769 0.6105769230769231 0.04567307692307692 0.09134615384615384
0 0.3641826923076923 0.6129807692307693 0.04567307692307692 0.09134615384615384
0 0.3245192307692308 0.6129807692307693 0.05048076923076923 0.09375
0 0.28365384615384615 0.6081730769230769 0.052884615384615384 0.09134615384615384
0 0.2439903846153846 0.6033653846153846 0.05048076923076923 0.0985576923076923
0 0.203125 0.6045673076923077 0.055288461538461536 0.10096153846153846
0 0.1658653846153846 0.5973557692307693 0.05048076923076923 0.0985576923076923
0 0.125 0.5913461538461539 0.057692307692307696 0.0985576923076923
0 0.9735576923076923 0.7728365384615384 0.021634615384615384 0.08173076923076923
0 0.953125 0.7752403846153846 0.0625 0.09615384615384616
0 0.9098557692307693 0.7740384615384616 0.06490384615384616 0.09615384615384616
1 0.8677884615384616 0.7716346153846154 0.06971153846153846 0.10096153846153846
0 0.8221153846153846 0.765625 0.06490384615384616 0.10576923076923077
0 0.78125 0.7632211538461539 0.06490384615384616 0.0985576923076923
0 0.734375 0.7584134615384616 0.0625 0.0889423076923077
0 0.6862980769230769 0.7584134615384616 0.0625 0.0889423076923077
0 0.6418269230769231 0.7632211538461539 0.0625 0.09375
0 0.5949519230769231 0.7548076923076923 0.06009615384615385 0.09134615384615384
0 0.5504807692307693 0.7548076923076923 0.05048076923076923 0.09615384615384616
0 0.5072115384615384 0.7560096153846154 0.055288461538461536 0.0985576923076923