0 0.2776442307692308 0.18509615384615385 0.055288461538461536 0.07692307692307693
0 0.30408653846153844 0.19471153846153846 0.055288461538461536 0.07932692307692307
0 0.3317307692307692 0.20192307692307693 0.052884615384615384 0.07932692307692307
0 0.359375 0.20552884615384615 0.055288461538461536 0.08173076923076923
0 0.3858173076923077 0.21514423076923078 0.052884615384615384 0.07451923076923077
0 0.42908653846153844 0.22235576923076922 0.052884615384615384 0.07692307692307693
0 0.4579326923076923 0.23076923076923078 0.04567307692307692 0.07211538461538461
0 0.484375 0.23918269230769232 0.04567307692307692 0.07692307692307693
0 0.5120192307692307 0.24278846153846154 0.04567307692307692 0.07692307692307693
0 0.5396634615384616 0.2512019230769231 0.04567307692307692 0.07211538461538461
0 0.5673076923076923 0.2548076923076923 0.040865384615384616 0.06490384615384616
0 0.5949519230769231 0.2620192307692308 0.04326923076923077 0.0673076923076923
0 0.6262019230769231 0.265625 0.040865384615384616 0.0625
0 0.6550480769230769 0.27403846153846156 0.04567307692307692 0.07211538461538461
0 0.6875 0.28125 0.04326923076923077 0.06971153846153846
0 0.7151442307692307 0.2860576923076923 0.04326923076923077 0.06490384615384616
0 0.7463942307692307 0.2932692307692308 0.04326923076923077 0.06490384615384616
0 0.7764423076923077 0.29927884615384615 0.04326923076923077 0.0625
0 0.8088942307692307 0.3088942307692308 0.04807692307692308 0.0673076923076923
0 0.8413461538461539 0.3137019230769231 0.04807692307692308 0.07451923076923077
0 0.8677884615384616 0.32091346153846156 0.04807692307692308 0.0673076923076923
0 0.9002403846153846 0.3245192307692308 0.055288461538461536 0.07692307692307693
0 0.20793269230769232 0.2956730769230769 0.0625 0.07451923076923077
0 0.234375 0.3016826923076923 0.06009615384615385 0.07692307692307693
0 0.26322115384615385 0.31009615384615385 0.057692307692307696 0.07932692307692307
0 0.2980769230769231 0.31850961538461536 0.057692307692307696 0.07211538461538461
0 0.3293269230769231 0.328125 0.055288461538461536 0.07451923076923077
0 0.3701923076923077 0.33774038461538464 0.052884615384615384 0.06971153846153846
0 0.39663461538461536 0.3425480769230769 0.052884615384615384 0.07451923076923077
0 0.43509615384615385 0.34615384615384615 0.05048076923076923 0.06971153846153846
0 0.46274038461538464 0.3557692307692308 0.05048076923076923 0.06971153846153846
0 0.4951923076923077 0.3629807692307692 0.052884615384615384 0.07692307692307693
0 0.5264423076923077 0.36899038461538464 0.05048076923076923 0.07451923076923077
0 0.5540865384615384 0.37740384615384615 0.05048076923076923 0.07211538461538461
0 0.5877403846153846 0.38461538461538464 0.05048076923076923 0.07932692307692307
0 0.6201923076923077 0.3942307692307692 0.04807692307692308 0.07211538461538461
0 0.6526442307692307 0.39783653846153844 0.052884615384615384 0.07692307692307693
0 0.6899038461538461 0.4026442307692308 0.052884615384615384 0.08413461538461539
0 0.7223557692307693 0.41586538461538464 0.052884615384615384 0.08653846153846154
0 0.7560096153846154 0.4206730769230769 0.057692307692307696 0.08653846153846154
0 0.7884615384615384 0.43028846153846156 0.052884615384615384 0.08413461538461539
0 0.8233173076923077 0.43990384615384615 0.06009615384615385 0.09134615384615384
0 0.859375 0.44711538461538464 0.055288461538461536 0.08413461538461539
0 0.8930288461538461 0.4567307692307692 0.057692307692307696 0.08173076923076923
0 0.16947115384615385 0.3557692307692308 0.06009615384615385 0.09615384615384616
0 0.19951923076923078 0.36538461538461536 0.06971153846153846 0.0985576923076923
0 0.22956730769230768 0.36778846153846156 0.06490384615384616 0.0985576923076923
0 0.25600961538461536 0.38341346153846156 0.06490384615384616 0.09615384615384616
0 0.28966346153846156 0.3894230769230769 0.06009615384615385 0.09615384615384616
0 0.33653846153846156 0.4050480769230769 0.055288461538461536 0.0985576923076923
0 0.3713942307692308 0.4110576923076923 0.0673076923076923 0.10096153846153846
0 0.40024038461538464 0.41947115384615385 0.06009615384615385 0.09375
0 0.4362980769230769 0.42427884615384615 0.0625 0.0985576923076923
0 0.46634615384615385 0.4362980769230769 0.052884615384615384 0.0889423076923077
0 0.5012019230769231 0.44471153846153844 0.055288461538461536 0.0889423076923077
0 0.53125 0.453125 0.052884615384615384 0.08413461538461539
0 0.5685096153846154 0.46033653846153844 0.04807692307692308 0.08173076923076923
0 0.6009615384615384 0.46875 0.052884615384615384 0.08413461538461539
0 0.6334134615384616 0.47596153846153844 0.05048076923076923 0.08413461538461539
0 0.6694711538461539 0.4831730769230769 0.052884615384615384 0.08653846153846154
0 0.7043269230769231 0.4951923076923077 0.052884615384615384 0.08413461538461539
0 0.7391826923076923 0.5012019230769231 0.055288461538461536 0.08173076923076923
0 0.7740384615384616 0.5120192307692307 0.055288461538461536 0.08653846153846154
0 0.8100961538461539 0.5168269230769231 0.0625 0.0889423076923077
0 0.8449519230769231 0.5288461538461539 0.055288461538461536 0.08173076923076923
0 0.8858173076923077 0.53125 0.06490384615384616 0.09134615384615384
0 0.07091346153846154 0.5048076923076923 0.06971153846153846 0.10096153846153846
0 0.10096153846153846 0.515625 0.0673076923076923 0.09375
0 0.13942307692307693 0.5264423076923077 0.06971153846153846 0.09615384615384616
0 0.17307692307692307 0.5324519230769231 0.06490384615384616 0.09375
0 0.20552884615384615 0.546875 0.06490384615384616 0.09134615384615384
0 0.2620192307692308 0.5564903846153846 0.06009615384615385 0.08653846153846154
0 0.2980769230769231 0.5637019230769231 0.06490384615384616 0.09375
0 0.33533653846153844 0.5769230769230769 0.07451923076923077 0.10336538461538461
0 0.3713942307692308 0.5853365384615384 0.06490384615384616 0.09615384615384616
0 0.4050480769230769 0.5973557692307693 0.06490384615384616 0.09615384615384616
0 0.43990384615384615 0.6057692307692307 0.06009615384615385 0.09615384615384616
0 0.47716346153846156 0.6165865384615384 0.0625 0.10336538461538461
0 0.515625 0.6213942307692307 0.06009615384615385 0.09375
0 0.5540865384615384 0.6334134615384616 0.0625 0.10096153846153846
0 0.5925480769230769 0.640625 0.06009615384615385 0.09615384615384616
0 0.6322115384615384 0.65625 0.0625 0.09615384615384616
0 0.6706730769230769 0.6694711538461539 0.0673076923076923 0.0985576923076923
0 0.7115384615384616 0.6766826923076923 0.0673076923076923 0.0985576923076923
0 0.7512019230769231 0.6850961538461539 0.0673076923076923 0.10576923076923077
0 0.7896634615384616 0.6983173076923077 0.07211538461538461 0.11057692307692307
0 0.8293269230769231 0.703125 0.0673076923076923 0.10576923076923077
0 0.8713942307692307 0.7115384615384616 0.07451923076923077 0.10576923076923077
0 0.025240384615384616 0.6274038461538461 0.05048076923076923 0.10576923076923077
0 0.054086538461538464 0.6418269230769231 0.08173076923076923 0.10576923076923077
1 0.09495192307692307 0.6514423076923077 0.08653846153846154 0.11057692307692307
0 0.14182692307692307 0.6610576923076923 0.08173076923076923 0.11298076923076923
0 0.1814903846153846 0.6706730769230769 0.07932692307692307 0.10817307692307693
0 0.2283653846153846 0.6802884615384616 0.07692307692307693 0.0985576923076923
0 0.27524038461538464 0.6971153846153846 0.07692307692307693 0.0985576923076923
0 0.3161057692307692 0.7139423076923077 0.07692307692307693 0.10336538461538461
0 0.3641826923076923 0.7199519230769231 0.07451923076923077 0.10096153846153846
0 0.4074519230769231 0.7355769230769231 0.0673076923076923 0.10336538461538461
0 0.4483173076923077 0.75 0.07211538461538461 0.10576923076923077