0 0.7115384615384616 0.2127403846153846 0.052884615384615384 0.07451923076923077
0 0.6875 0.22115384615384615 0.055288461538461536 0.07932692307692307
0 0.6586538461538461 0.2283653846153846 0.052884615384615384 0.07932692307692307
0 0.6322115384615384 0.23317307692307693 0.055288461538461536 0.07932692307692307
1 0.6081730769230769 0.24158653846153846 0.05048076923076923 0.07451923076923077
1 0.5637019230769231 0.24879807692307693 0.05048076923076923 0.07451923076923077
1 0.5360576923076923 0.25721153846153844 0.04567307692307692 0.06971153846153846
0 0.5084134615384616 0.265625 0.04326923076923077 0.07211538461538461
0 0.48197115384615385 0.2692307692307692 0.04567307692307692 0.07451923076923077
1 0.4543269230769231 0.2776442307692308 0.04567307692307692 0.07211538461538461
0 0.42788461538461536 0.28125 0.040865384615384616 0.0625
1 0.40024038461538464 0.28846153846153844 0.04326923076923077 0.0673076923076923
0 0.3701923076923077 0.29086538461538464 0.038461538461538464 0.06009615384615385
0 0.34134615384615385 0.29927884615384615 0.04567307692307692 0.06971153846153846
1 0.31009615384615385 0.30649038461538464 0.040865384615384616 0.06971153846153846
0 0.2824519230769231 0.3112980769230769 0.04326923076923077 0.06490384615384616
1 0.2512019230769231 0.31850961538461536 0.04326923076923077 0.06490384615384616
1 0.22235576923076922 0.3245192307692308 0.04326923076923077 0.06009615384615385
1 0.19110576923076922 0.33413461538461536 0.04567307692307692 0.0673076923076923
0 0.15865384615384615 0.3389423076923077 0.04567307692307692 0.07211538461538461
0 0.13221153846153846 0.3449519230769231 0.04807692307692308 0.06490384615384616
1 0.09975961538461539 0.34975961538461536 0.052884615384615384 0.07451923076923077
1 0.78125 0.32091346153846156 0.06009615384615385 0.07451923076923077
0 0.7536057692307693 0.3269230769230769 0.06009615384615385 0.07692307692307693
1 0.7271634615384616 0.33533653846153844 0.055288461538461536 0.07692307692307693
0 0.6935096153846154 0.34375 0.057692307692307696 0.07211538461538461
1 0.6610576923076923 0.35336538461538464 0.055288461538461536 0.07451923076923077
1 0.6213942307692307 0.36177884615384615 0.052884615384615384 0.06971153846153846
0 0.5949519230769231 0.36899038461538464 0.052884615384615384 0.07451923076923077
1 0.5588942307692307 0.3713942307692308 0.05048076923076923 0.06971153846153846
1 0.53125 0.3798076923076923 0.05048076923076923 0.0673076923076923
0 0.5 0.3858173076923077 0.052884615384615384 0.07451923076923077
0 0.4675480769230769 0.3942307692307692 0.05048076923076923 0.07211538461538461
0 0.4411057692307692 0.4014423076923077 0.04807692307692308 0.07211538461538461
0 0.4074519230769231 0.4074519230769231 0.04807692307692308 0.07932692307692307
1 0.3762019230769231 0.4170673076923077 0.04807692307692308 0.06971153846153846
0 0.34375 0.4206730769230769 0.052884615384615384 0.07451923076923077
0 0.30649038461538464 0.4254807692307692 0.05048076923076923 0.08413461538461539
1 0.27524038461538464 0.43990384615384615 0.052884615384615384 0.08413461538461539
0 0.24278846153846154 0.4423076923076923 0.057692307692307696 0.08653846153846154
0 0.2091346153846154 0.453125 0.052884615384615384 0.08173076923076923
0 0.17548076923076922 0.46153846153846156 0.06009615384615385 0.0889423076923077
0 0.140625 0.4699519230769231 0.052884615384615384 0.08413461538461539
0 0.10697115384615384 0.4795673076923077 0.055288461538461536 0.07932692307692307
1 0.8197115384615384 0.3798076923076923 0.06009615384615385 0.09134615384615384
0 0.7896634615384616 0.3894230769230769 0.0673076923076923 0.09615384615384616
1 0.7608173076923077 0.3918269230769231 0.06490384615384616 0.0985576923076923
1 0.7331730769230769 0.4074519230769231 0.0625 0.09375
1 0.6995192307692307 0.41346153846153844 0.06009615384615385 0.09375
1 0.6538461538461539 0.42788461538461536 0.052884615384615384 0.09615384615384616
1 0.6213942307692307 0.4338942307692308 0.0673076923076923 0.0985576923076923
1 0.5925480769230769 0.44350961538461536 0.06009615384615385 0.09134615384615384
1 0.5576923076923077 0.44711538461538464 0.0625 0.09615384615384616
1 0.5288461538461539 0.45913461538461536 0.05048076923076923 0.08653846153846154
0 0.49278846153846156 0.46875 0.052884615384615384 0.08653846153846154
1 0.46274038461538464 0.47596153846153844 0.052884615384615384 0.08413461538461539
1 0.42788461538461536 0.48197115384615385 0.04567307692307692 0.08173076923076923
1 0.39663461538461536 0.49158653846153844 0.052884615384615384 0.08413461538461539
1 0.3629807692307692 0.49759615384615385 0.04807692307692308 0.08413461538461539
1 0.328125 0.5048076923076923 0.05048076923076923 0.08413461538461539
0 0.2932692307692308 0.5168269230769231 0.05048076923076923 0.08173076923076923
1 0.25961538461538464 0.5228365384615384 0.055288461538461536 0.07932692307692307
1 0.2247596153846154 0.5324519230769231 0.052884615384615384 0.08653846153846154
1 0.18870192307692307 0.5384615384615384 0.06009615384615385 0.08653846153846154
1 0.15504807692307693 0.5504807692307693 0.055288461538461536 0.07932692307692307
1 0.11538461538461539 0.5528846153846154 0.06490384615384616 0.0889423076923077
1 0.9170673076923077 0.5264423076923077 0.06971153846153846 0.0985576923076923
0 0.8858173076923077 0.5360576923076923 0.0673076923076923 0.09375
1 0.8497596153846154 0.546875 0.0673076923076923 0.09375
1 0.8149038461538461 0.5528846153846154 0.0625 0.09134615384615384
1 0.7824519230769231 0.5673076923076923 0.06490384615384616 0.0889423076923077
1 0.7283653846153846 0.5769230769230769 0.06009615384615385 0.08413461538461539
1 0.6923076923076923 0.5829326923076923 0.0625 0.09134615384615384
1 0.6550480769230769 0.5961538461538461 0.07211538461538461 0.10096153846153846
1 0.6213942307692307 0.6045673076923077 0.06490384615384616 0.09375
1 0.5877403846153846 0.6165865384615384 0.06490384615384616 0.09375
1 0.5528846153846154 0.6237980769230769 0.057692307692307696 0.09375
1 0.5168269230769231 0.6358173076923077 0.0625 0.10096153846153846
1 0.47836538461538464 0.6418269230769231 0.06009615384615385 0.09134615384615384
1 0.43990384615384615 0.6526442307692307 0.06009615384615385 0.0985576923076923
1 0.4026442307692308 0.6598557692307693 0.057692307692307696 0.09615384615384616
1 0.3641826923076923 0.6754807692307693 0.06009615384615385 0.09615384615384616
1 0.3245192307692308 0.6875 0.06490384615384616 0.0985576923076923
0 0.2860576923076923 0.6947115384615384 0.06490384615384616 0.09615384615384616
1 0.24639423076923078 0.7043269230769231 0.06490384615384616 0.10336538461538461
1 0.20793269230769232 0.7163461538461539 0.06971153846153846 0.10817307692307693
0 0.16947115384615385 0.7211538461538461 0.0673076923076923 0.10336538461538461
1 0.12980769230769232 0.7295673076923077 0.07211538461538461 0.10576923076923077
0 0.9879807692307693 0.6322115384615384 0.02403846153846154 0.09134615384615384
0 0.9675480769230769 0.6454326923076923 0.06490384615384616 0.10336538461538461
1 0.9326923076923077 0.6598557692307693 0.07932692307692307 0.10336538461538461
0 0.8918269230769231 0.6694711538461539 0.08413461538461539 0.10817307692307693
0 0.8473557692307693 0.6790865384615384 0.07932692307692307 0.11298076923076923
0 0.8076923076923077 0.6887019230769231 0.07932692307692307 0.10576923076923077
1 0.7608173076923077 0.6983173076923077 0.07451923076923077 0.09615384615384616
0 0.7163461538461539 0.7151442307692307 0.07451923076923077 0.09615384615384616
0 0.6742788461538461 0.7319711538461539 0.07451923076923077 0.10096153846153846
1 0.6274038461538461 0.7379807692307693 0.07211538461538461 0.0985576923076923
0 0.5853365384615384 0.7524038461538461 0.06490384615384616 0.10096153846153846
1 0.5444711538461539 0.7668269230769231 0.06971153846153846 0.10336538461538461