0 0.21033653846153846 0.3401442307692308 0.05048076923076923 0.07451923076923077
0 0.23677884615384615 0.33774038461538464 0.05048076923076923 0.07692307692307693
0 0.265625 0.3329326923076923 0.04807692307692308 0.07692307692307693
0 0.28966346153846156 0.3269230769230769 0.05048076923076923 0.07692307692307693
1 0.3173076923076923 0.3233173076923077 0.04807692307692308 0.07211538461538461
1 0.359375 0.31009615384615385 0.04807692307692308 0.07451923076923077
1 0.38822115384615385 0.30649038461538464 0.040865384615384616 0.0673076923076923
0 0.41466346153846156 0.30288461538461536 0.040865384615384616 0.07211538461538461
0 0.4411057692307692 0.29447115384615385 0.040865384615384616 0.07211538461538461
1 0.46875 0.2920673076923077 0.040865384615384616 0.06971153846153846
0 0.4951923076923077 0.2848557692307692 0.036057692307692304 0.0625
1 0.5216346153846154 0.27884615384615385 0.040865384615384616 0.06490384615384616
0 0.5504807692307693 0.26802884615384615 0.036057692307692304 0.06009615384615385
0 0.5805288461538461 0.26322115384615385 0.04326923076923077 0.0673076923076923
1 0.6105769230769231 0.25721153846153844 0.038461538461538464 0.0673076923076923
0 0.6370192307692307 0.25 0.038461538461538464 0.0625
1 0.6682692307692307 0.2439903846153846 0.038461538461538464 0.0625
1 0.6971153846153846 0.23557692307692307 0.038461538461538464 0.06009615384615385
1 0.7295673076923077 0.23076923076923078 0.04326923076923077 0.06490384615384616
0 0.7596153846153846 0.22235576923076922 0.04326923076923077 0.07211538461538461
0 0.7860576923076923 0.21634615384615385 0.04326923076923077 0.0625
1 0.8173076923076923 0.20793269230769232 0.05048076923076923 0.07451923076923077
1 0.19471153846153846 0.46634615384615385 0.055288461538461536 0.07211538461538461
0 0.21995192307692307 0.46033653846153844 0.057692307692307696 0.07451923076923077
1 0.24879807692307693 0.4567307692307692 0.052884615384615384 0.07451923076923077
0 0.2824519230769231 0.45072115384615385 0.052884615384615384 0.06971153846153846
1 0.31490384615384615 0.44471153846153844 0.05048076923076923 0.07211538461538461
1 0.3545673076923077 0.4362980769230769 0.04807692307692308 0.0673076923076923
0 0.38100961538461536 0.43149038461538464 0.04807692307692308 0.06971153846153846
1 0.41586538461538464 0.4182692307692308 0.04807692307692308 0.0673076923076923
1 0.44471153846153844 0.41586538461538464 0.04807692307692308 0.0673076923076923
0 0.4735576923076923 0.4074519230769231 0.05048076923076923 0.07211538461538461
0 0.5048076923076923 0.4014423076923077 0.04567307692307692 0.06971153846153846
0 0.5336538461538461 0.3954326923076923 0.04567307692307692 0.06971153846153846
0 0.5649038461538461 0.38822115384615385 0.04326923076923077 0.07692307692307693
1 0.5973557692307693 0.38341346153846156 0.04326923076923077 0.0673076923076923
0 0.6286057692307693 0.3737980769230769 0.05048076923076923 0.07451923076923077
0 0.6634615384615384 0.3629807692307692 0.04567307692307692 0.08173076923076923
1 0.6971153846153846 0.36177884615384615 0.04807692307692308 0.08413461538461539
0 0.7283653846153846 0.35096153846153844 0.052884615384615384 0.08413461538461539
0 0.7620192307692307 0.34615384615384615 0.04807692307692308 0.07932692307692307
0 0.7956730769230769 0.3401442307692308 0.055288461538461536 0.08653846153846154
0 0.8293269230769231 0.3317307692307692 0.05048076923076923 0.08173076923076923
0 0.8653846153846154 0.32572115384615385 0.052884615384615384 0.07692307692307693
1 0.18509615384615385 0.5348557692307693 0.055288461538461536 0.09134615384615384
1 0.21634615384615385 0.53125 0.06490384615384616 0.09375
1 0.2439903846153846 0.5216346153846154 0.057692307692307696 0.09615384615384616
1 0.27283653846153844 0.5228365384615384 0.057692307692307696 0.09134615384615384
1 0.30528846153846156 0.5144230769230769 0.055288461538461536 0.09134615384615384
1 0.35216346153846156 0.5108173076923077 0.04807692307692308 0.09375
1 0.38461538461538464 0.5012019230769231 0.06009615384615385 0.09615384615384616
1 0.41466346153846156 0.4963942307692308 0.055288461538461536 0.0889423076923077
1 0.4483173076923077 0.4855769230769231 0.055288461538461536 0.09375
1 0.4795673076923077 0.484375 0.04807692307692308 0.08413461538461539
0 0.5144230769230769 0.47716346153846156 0.05048076923076923 0.08653846153846154
1 0.5444711538461539 0.4723557692307692 0.04807692307692308 0.08173076923076923
1 0.5793269230769231 0.46274038461538464 0.04326923076923077 0.07932692307692307
1 0.6105769230769231 0.4579326923076923 0.04807692307692308 0.08173076923076923
1 0.6430288461538461 0.45072115384615385 0.04567307692307692 0.08173076923076923
1 0.6778846153846154 0.4411057692307692 0.04807692307692308 0.08173076923076923
0 0.7127403846153846 0.4375 0.04807692307692308 0.08173076923076923
1 0.7451923076923077 0.42908653846153844 0.05048076923076923 0.07692307692307693
1 0.7824519230769231 0.4230769230769231 0.04807692307692308 0.08413461538461539
1 0.8161057692307693 0.41346153846153844 0.055288461538461536 0.08413461538461539
1 0.8509615384615384 0.4098557692307692 0.05048076923076923 0.07692307692307693
1 0.8870192307692307 0.39663461538461536 0.06009615384615385 0.08653846153846154
1 0.15985576923076922 0.7067307692307693 0.06490384615384616 0.09615384615384616
0 0.19110576923076922 0.703125 0.0625 0.09134615384615384
1 0.2283653846153846 0.6971153846153846 0.0625 0.09134615384615384
1 0.2608173076923077 0.6887019230769231 0.06009615384615385 0.0889423076923077
1 0.296875 0.6875 0.06009615384615385 0.08653846153846154
1 0.3485576923076923 0.6742788461538461 0.055288461538461536 0.08173076923076923
0 0.38341346153846156 0.6646634615384616 0.057692307692307696 0.0889423076923077
1 0.421875 0.6610576923076923 0.0673076923076923 0.0985576923076923
1 0.4567307692307692 0.6538461538461539 0.06009615384615385 0.09134615384615384
1 0.49278846153846156 0.6502403846153846 0.06009615384615385 0.09375
1 0.5264423076923077 0.6430288461538461 0.055288461538461536 0.09134615384615384
1 0.5637019230769231 0.6382211538461539 0.057692307692307696 0.0985576923076923
1 0.5997596153846154 0.6274038461538461 0.055288461538461536 0.0889423076923077
1 0.6382211538461539 0.6213942307692307 0.055288461538461536 0.0985576923076923
1 0.6742788461538461 0.6117788461538461 0.055288461538461536 0.09375
1 0.7163461538461539 0.609375 0.055288461538461536 0.09375
1 0.7560096153846154 0.6045673076923077 0.06009615384615385 0.09615384615384616
0 0.7944711538461539 0.5949519230769231 0.06009615384615385 0.09375
1 0.8341346153846154 0.5853365384615384 0.06009615384615385 0.10096153846153846
1 0.8737980769230769 0.5817307692307693 0.06490384615384616 0.10576923076923077
0 0.9086538461538461 0.5697115384615384 0.0625 0.10096153846153846
1 0.9483173076923077 0.5600961538461539 0.06971153846153846 0.10096153846153846
0 0.11778846153846154 0.84375 0.06971153846153846 0.0889423076923077
0 0.15625 0.8401442307692307 0.07451923076923077 0.0985576923076923
1 0.20072115384615385 0.8341346153846154 0.07451923076923077 0.10096153846153846
0 0.24158653846153846 0.8257211538461539 0.08173076923076923 0.10576923076923077
0 0.2860576923076923 0.8149038461538461 0.07451923076923077 0.10817307692307693
0 0.32572115384615385 0.8064903846153846 0.07451923076923077 0.10336538461538461
1 0.3701923076923077 0.796875 0.06971153846153846 0.09375
0 0.4182692307692308 0.7908653846153846 0.06971153846153846 0.09375
0 0.46153846153846156 0.7896634615384616 0.07211538461538461 0.0985576923076923
1 0.5072115384615384 0.7764423076923077 0.06971153846153846 0.09615384615384616
0 0.5504807692307693 0.7716346153846154 0.0625 0.0985576923076923
1 0.59375 0.7668269230769231 0.0673076923076923 0.10096153846153846