0 0.19471153846153846 0.3485576923076923 0.05048076923076923 0.07451923076923077
0 0.22115384615384615 0.34615384615384615 0.05048076923076923 0.07932692307692307
0 0.2512019230769231 0.34134615384615385 0.04807692307692308 0.07932692307692307
0 0.2764423076923077 0.33533653846153844 0.05048076923076923 0.07932692307692307
0 0.30528846153846156 0.33413461538461536 0.04807692307692308 0.07451923076923077
0 0.3485576923076923 0.3233173076923077 0.04567307692307692 0.07451923076923077
0 0.3786057692307692 0.31971153846153844 0.040865384615384616 0.06971153846153846
0 0.4074519230769231 0.3161057692307692 0.038461538461538464 0.07451923076923077
0 0.43509615384615385 0.31009615384615385 0.038461538461538464 0.07451923076923077
0 0.46274038461538464 0.30649038461538464 0.040865384615384616 0.07211538461538461
0 0.49038461538461536 0.29927884615384615 0.036057692307692304 0.0625
0 0.5192307692307693 0.29447115384615385 0.038461538461538464 0.0673076923076923
0 0.5492788461538461 0.2848557692307692 0.036057692307692304 0.0625
0 0.5793269230769231 0.2800480769230769 0.04326923076923077 0.06971153846153846
0 0.6117788461538461 0.27524038461538464 0.038461538461538464 0.06971153846153846
0 0.6394230769230769 0.2692307692307692 0.038461538461538464 0.06490384615384616
0 0.6706730769230769 0.2644230769230769 0.038461538461538464 0.06490384615384616
0 0.7019230769230769 0.25721153846153844 0.038461538461538464 0.06009615384615385
0 0.734375 0.2536057692307692 0.04326923076923077 0.06490384615384616
0 0.7668269230769231 0.24519230769230768 0.040865384615384616 0.07451923076923077
0 0.7944711538461539 0.2403846153846154 0.04326923076923077 0.06490384615384616
0 0.8269230769230769 0.23317307692307693 0.05048076923076923 0.07451923076923077
0 0.17307692307692307 0.47716346153846156 0.057692307692307696 0.07211538461538461
0 0.20072115384615385 0.4723557692307692 0.055288461538461536 0.07692307692307693
0 0.22956730769230768 0.4699519230769231 0.052884615384615384 0.07692307692307693
0 0.2644230769230769 0.4639423076923077 0.052884615384615384 0.07211538461538461
0 0.29927884615384615 0.46033653846153844 0.05048076923076923 0.07211538461538461
0 0.3401442307692308 0.4519230769230769 0.04807692307692308 0.0673076923076923
0 0.36778846153846156 0.4483173076923077 0.04807692307692308 0.07211538461538461
0 0.40384615384615385 0.4362980769230769 0.04807692307692308 0.06971153846153846
0 0.4338942307692308 0.4338942307692308 0.04567307692307692 0.0673076923076923
0 0.4639423076923077 0.4266826923076923 0.04807692307692308 0.07451923076923077
0 0.49759615384615385 0.421875 0.04567307692307692 0.07211538461538461
0 0.5252403846153846 0.4170673076923077 0.04567307692307692 0.06971153846153846
0 0.5600961538461539 0.4098557692307692 0.04326923076923077 0.07932692307692307
0 0.59375 0.40625 0.04326923076923077 0.06971153846153846
0 0.625 0.39783653846153844 0.04807692307692308 0.07692307692307693
0 0.6622596153846154 0.3870192307692308 0.04567307692307692 0.08413461538461539
0 0.6971153846153846 0.3870192307692308 0.04807692307692308 0.08653846153846154
0 0.7295673076923077 0.37740384615384615 0.052884615384615384 0.08653846153846154
0 0.7644230769230769 0.3737980769230769 0.04567307692307692 0.08173076923076923
0 0.8004807692307693 0.36899038461538464 0.052884615384615384 0.0889423076923077
0 0.8353365384615384 0.36177884615384615 0.04807692307692308 0.08413461538461539
0 0.8713942307692307 0.35697115384615385 0.052884615384615384 0.07932692307692307
0 0.15985576923076922 0.5492788461538461 0.055288461538461536 0.09375
0 0.19230769230769232 0.5456730769230769 0.0625 0.09615384615384616
0 0.22115384615384615 0.5372596153846154 0.057692307692307696 0.0985576923076923
0 0.2536057692307692 0.5408653846153846 0.057692307692307696 0.09375
0 0.2860576923076923 0.5324519230769231 0.055288461538461536 0.09375
0 0.33533653846153844 0.5288461538461539 0.04807692307692308 0.0985576923076923
0 0.36899038461538464 0.5204326923076923 0.06009615384615385 0.0985576923076923
0 0.39903846153846156 0.5168269230769231 0.052884615384615384 0.09134615384615384
0 0.4338942307692308 0.5072115384615384 0.055288461538461536 0.0985576923076923
0 0.4675480769230769 0.5060096153846154 0.04567307692307692 0.08653846153846154
0 0.5036057692307693 0.5012019230769231 0.04807692307692308 0.08653846153846154
0 0.5348557692307693 0.4963942307692308 0.04807692307692308 0.08173076923076923
0 0.5709134615384616 0.4879807692307692 0.040865384615384616 0.08173076923076923
0 0.6045673076923077 0.484375 0.04567307692307692 0.08173076923076923
0 0.6394230769230769 0.47836538461538464 0.04567307692307692 0.08413461538461539
0 0.6742788461538461 0.46875 0.04807692307692308 0.08413461538461539
0 0.7115384615384616 0.4675480769230769 0.04567307692307692 0.08173076923076923
0 0.7451923076923077 0.46033653846153844 0.05048076923076923 0.07932692307692307
0 0.7836538461538461 0.4543269230769231 0.04807692307692308 0.08653846153846154
0 0.8185096153846154 0.44591346153846156 0.055288461538461536 0.08653846153846154
0 0.8545673076923077 0.4423076923076923 0.05048076923076923 0.08173076923076923
0 0.8942307692307693 0.43028846153846156 0.06009615384615385 0.0889423076923077
0 0.12740384615384615 0.7259615384615384 0.06490384615384616 0.0985576923076923
0 0.16105769230769232 0.7235576923076923 0.0625 0.09375
0 0.19831730769230768 0.7175480769230769 0.0625 0.09375
0 0.234375 0.7103365384615384 0.057692307692307696 0.09375
0 0.2704326923076923 0.7103365384615384 0.06009615384615385 0.0889423076923077
0 0.3245192307692308 0.6983173076923077 0.055288461538461536 0.08413461538461539
0 0.36177884615384615 0.6899038461538461 0.057692307692307696 0.09134615384615384
0 0.4014423076923077 0.6875 0.0673076923076923 0.10096153846153846
0 0.4375 0.6814903846153846 0.057692307692307696 0.09375
0 0.47475961538461536 0.6802884615384616 0.06009615384615385 0.09615384615384616
0 0.5108173076923077 0.671875 0.052884615384615384 0.09375
0 0.5480769230769231 0.6682692307692307 0.055288461538461536 0.10336538461538461
0 0.5865384615384616 0.6586538461538461 0.052884615384615384 0.09134615384615384
0 0.6274038461538461 0.6538461538461539 0.052884615384615384 0.10096153846153846
0 0.6658653846153846 0.6454326923076923 0.052884615384615384 0.09615384615384616
0 0.7079326923076923 0.6454326923076923 0.055288461538461536 0.09615384615384616
0 0.7487980769230769 0.640625 0.06009615384615385 0.0985576923076923
0 0.7896634615384616 0.6334134615384616 0.06009615384615385 0.0985576923076923
0 0.8305288461538461 0.625 0.06009615384615385 0.10336538461538461
0 0.8713942307692307 0.6213942307692307 0.06490384615384616 0.10817307692307693
0 0.9098557692307693 0.6117788461538461 0.06009615384615385 0.10336538461538461
0 0.9507211538461539 0.6021634615384616 0.06971153846153846 0.10576923076923077
0 0.08052884615384616 0.8653846153846154 0.06971153846153846 0.09134615384615384
0 0.11899038461538461 0.8629807692307693 0.07451923076923077 0.10336538461538461
0 0.1658653846153846 0.8581730769230769 0.07451923076923077 0.10336538461538461
1 0.2091346153846154 0.8509615384615384 0.08173076923076923 0.10817307692307693
0 0.2548076923076923 0.8413461538461539 0.07451923076923077 0.11057692307692307
0 0.296875 0.8353365384615384 0.07451923076923077 0.10576923076923077
0 0.34375 0.8269230769230769 0.06971153846153846 0.09615384615384616
0 0.39302884615384615 0.8233173076923077 0.06971153846153846 0.09615384615384616
0 0.4375 0.8221153846153846 0.06971153846153846 0.10096153846153846
0 0.484375 0.8100961538461539 0.0673076923076923 0.0985576923076923
0 0.5300480769230769 0.8064903846153846 0.06009615384615385 0.10096153846153846
0 0.5745192307692307 0.8028846153846154 0.06490384615384616 0.10336538461538461