0 0.2620192307692308 0.25961538461538464 0.04326923076923077 0.0673076923076923
0 0.2860576923076923 0.2644230769230769 0.04326923076923077 0.06971153846153846
0 0.3125 0.26802884615384615 0.040865384615384616 0.06971153846153846
0 0.33774038461538464 0.26802884615384615 0.04326923076923077 0.06971153846153846
1 0.3629807692307692 0.27283653846153844 0.040865384615384616 0.0673076923076923
1 0.40384615384615385 0.27403846153846156 0.040865384615384616 0.0673076923076923
1 0.43149038461538464 0.2776442307692308 0.03365384615384615 0.0625
0 0.4579326923076923 0.2824519230769231 0.03365384615384615 0.0673076923076923
0 0.48197115384615385 0.28125 0.03365384615384615 0.0673076923076923
1 0.5096153846153846 0.2860576923076923 0.036057692307692304 0.06490384615384616
0 0.5348557692307693 0.28725961538461536 0.03125 0.057692307692307696
1 0.5612980769230769 0.28966346153846156 0.03125 0.06009615384615385
0 0.5901442307692307 0.28846153846153844 0.03125 0.055288461538461536
0 0.6177884615384616 0.29086538461538464 0.036057692307692304 0.0625
1 0.6478365384615384 0.29447115384615385 0.03125 0.0625
0 0.6742788461538461 0.2956730769230769 0.03365384615384615 0.057692307692307696
1 0.7019230769230769 0.29927884615384615 0.03365384615384615 0.057692307692307696
1 0.7307692307692307 0.29927884615384615 0.03365384615384615 0.055288461538461536
1 0.7608173076923077 0.30408653846153844 0.036057692307692304 0.06009615384615385
0 0.7908653846153846 0.30288461538461536 0.036057692307692304 0.0673076923076923
0 0.8173076923076923 0.30649038461538464 0.036057692307692304 0.057692307692307696
1 0.8473557692307693 0.30649038461538464 0.04326923076923077 0.0673076923076923
1 0.21153846153846154 0.36778846153846156 0.04807692307692308 0.06490384615384616
0 0.23798076923076922 0.3701923076923077 0.04807692307692308 0.0673076923076923
1 0.2644230769230769 0.375 0.04567307692307692 0.06971153846153846
0 0.296875 0.3786057692307692 0.04567307692307692 0.0625
1 0.3269230769230769 0.38221153846153844 0.04326923076923077 0.06490384615384616
1 0.36538461538461536 0.3870192307692308 0.040865384615384616 0.06009615384615385
0 0.390625 0.38822115384615385 0.04326923076923077 0.06490384615384616
1 0.4266826923076923 0.3858173076923077 0.038461538461538464 0.0625
0 0.4519230769230769 0.390625 0.038461538461538464 0.06009615384615385
0 0.4807692307692308 0.39302884615384615 0.04326923076923077 0.0673076923076923
0 0.5120192307692307 0.3954326923076923 0.038461538461538464 0.06490384615384616
0 0.5384615384615384 0.39903846153846156 0.038461538461538464 0.0625
0 0.5697115384615384 0.4014423076923077 0.036057692307692304 0.07211538461538461
1 0.6009615384615384 0.4050480769230769 0.036057692307692304 0.0625
0 0.6310096153846154 0.4050480769230769 0.040865384615384616 0.0673076923076923
0 0.6646634615384616 0.4050480769230769 0.038461538461538464 0.07692307692307693
1 0.6959134615384616 0.41346153846153844 0.038461538461538464 0.07692307692307693
0 0.7283653846153846 0.4110576923076923 0.04326923076923077 0.07692307692307693
0 0.7584134615384616 0.4170673076923077 0.038461538461538464 0.07211538461538461
0 0.7920673076923077 0.4206730769230769 0.04567307692307692 0.07932692307692307
0 0.8257211538461539 0.4230769230769231 0.040865384615384616 0.07451923076923077
0 0.8581730769230769 0.42788461538461536 0.04326923076923077 0.06971153846153846
1 0.18389423076923078 0.42788461538461536 0.04567307692307692 0.08413461538461539
1 0.2127403846153846 0.4338942307692308 0.052884615384615384 0.08653846153846154
1 0.24158653846153846 0.43149038461538464 0.05048076923076923 0.0889423076923077
1 0.26802884615384615 0.44350961538461536 0.04807692307692308 0.08413461538461539
1 0.29927884615384615 0.44350961538461536 0.04567307692307692 0.08413461538461539
1 0.3425480769230769 0.4519230769230769 0.040865384615384616 0.0889423076923077
1 0.3762019230769231 0.453125 0.05048076923076923 0.0889423076923077
1 0.4026442307692308 0.4567307692307692 0.04567307692307692 0.08173076923076923
1 0.43509615384615385 0.4567307692307692 0.04807692307692308 0.08653846153846154
1 0.4651442307692308 0.4639423076923077 0.038461538461538464 0.07932692307692307
1 0.4987980769230769 0.4675480769230769 0.040865384615384616 0.07932692307692307
1 0.5276442307692307 0.47115384615384615 0.040865384615384616 0.07451923076923077
1 0.5625 0.47115384615384615 0.03365384615384615 0.07451923076923077
1 0.5913461538461539 0.47716346153846156 0.040865384615384616 0.07451923076923077
1 0.6225961538461539 0.4795673076923077 0.036057692307692304 0.07692307692307693
1 0.65625 0.4807692307692308 0.038461538461538464 0.07692307692307693
1 0.6899038461538461 0.48677884615384615 0.038461538461538464 0.07451923076923077
1 0.7223557692307693 0.4879807692307692 0.04326923076923077 0.06971153846153846
1 0.7572115384615384 0.49158653846153844 0.040865384615384616 0.07692307692307693
1 0.7896634615384616 0.49278846153846156 0.04807692307692308 0.07932692307692307
1 0.8233173076923077 0.4987980769230769 0.04326923076923077 0.07211538461538461
1 0.8605769230769231 0.4963942307692308 0.05048076923076923 0.07932692307692307
1 0.1141826923076923 0.5769230769230769 0.055288461538461536 0.0889423076923077
1 0.14182692307692307 0.5817307692307693 0.052884615384615384 0.08173076923076923
1 0.1778846153846154 0.5865384615384616 0.052884615384615384 0.08413461538461539
1 0.21033653846153846 0.5877403846153846 0.05048076923076923 0.08173076923076923
1 0.24278846153846154 0.5973557692307693 0.05048076923076923 0.07932692307692307
1 0.2932692307692308 0.5997596153846154 0.04807692307692308 0.07692307692307693
1 0.328125 0.6009615384615384 0.04807692307692308 0.08173076923076923
1 0.3641826923076923 0.6081730769230769 0.057692307692307696 0.0889423076923077
1 0.39783653846153844 0.6117788461538461 0.05048076923076923 0.08413461538461539
1 0.43028846153846156 0.6189903846153846 0.05048076923076923 0.08653846153846154
1 0.46274038461538464 0.6201923076923077 0.04326923076923077 0.08413461538461539
1 0.4987980769230769 0.6262019230769231 0.04567307692307692 0.09134615384615384
1 0.5336538461538461 0.6274038461538461 0.04567307692307692 0.08173076923076923
1 0.5721153846153846 0.6322115384615384 0.04567307692307692 0.0889423076923077
1 0.6081730769230769 0.6334134615384616 0.04567307692307692 0.08653846153846154
1 0.6442307692307693 0.6430288461538461 0.04567307692307692 0.08653846153846154
1 0.6826923076923077 0.6502403846153846 0.05048076923076923 0.0889423076923077
0 0.7199519230769231 0.6514423076923077 0.05048076923076923 0.08653846153846154
0 0.7584134615384616 0.6538461538461539 0.05048076923076923 0.09375
1 0.7944711538461539 0.6610576923076923 0.052884615384615384 0.09615384615384616
0 0.8317307692307693 0.6610576923076923 0.05048076923076923 0.09375
1 0.8701923076923077 0.6622596153846154 0.057692307692307696 0.09375
1 0.038461538461538464 0.6887019230769231 0.0625 0.08173076923076923
0 0.07451923076923077 0.6959134615384616 0.06490384615384616 0.09134615384615384
1 0.11658653846153846 0.703125 0.06490384615384616 0.09134615384615384
1 0.15504807692307693 0.7067307692307693 0.06971153846153846 0.09615384615384616
0 0.1971153846153846 0.7091346153846154 0.0625 0.0985576923076923
0 0.23557692307692307 0.7127403846153846 0.0625 0.09375
1 0.2800480769230769 0.7163461538461539 0.06009615384615385 0.08653846153846154
0 0.3245192307692308 0.7259615384615384 0.06009615384615385 0.08653846153846154
0 0.36538461538461536 0.7355769230769231 0.06009615384615385 0.0889423076923077
1 0.40865384615384615 0.7355769230769231 0.057692307692307696 0.08653846153846154
0 0.45072115384615385 0.7439903846153846 0.05048076923076923 0.09134615384615384
1 0.4891826923076923 0.7512019230769231 0.055288461538461536 0.09375