0 0.2620192307692308 0.23197115384615385 0.04326923076923077 0.0673076923076923
0 0.28846153846153844 0.23677884615384615 0.04326923076923077 0.07211538461538461
0 0.3161057692307692 0.2403846153846154 0.040865384615384616 0.07211538461538461
0 0.34134615384615385 0.24158653846153846 0.04326923076923077 0.07211538461538461
1 0.36658653846153844 0.24639423076923078 0.040865384615384616 0.0673076923076923
1 0.4098557692307692 0.24759615384615385 0.040865384615384616 0.06971153846153846
1 0.4375 0.25 0.036057692307692304 0.06490384615384616
0 0.4639423076923077 0.25600961538461536 0.03365384615384615 0.0673076923076923
0 0.49038461538461536 0.25600961538461536 0.03365384615384615 0.06971153846153846
1 0.5180288461538461 0.25961538461538464 0.036057692307692304 0.0673076923076923
0 0.5444711538461539 0.2608173076923077 0.03125 0.06009615384615385
1 0.5721153846153846 0.26322115384615385 0.03365384615384615 0.0625
0 0.6009615384615384 0.2620192307692308 0.03125 0.057692307692307696
0 0.6298076923076923 0.2644230769230769 0.036057692307692304 0.06490384615384616
1 0.6610576923076923 0.26802884615384615 0.03365384615384615 0.06490384615384616
0 0.6875 0.2692307692307692 0.03365384615384615 0.06009615384615385
1 0.7175480769230769 0.27283653846153844 0.03365384615384615 0.06009615384615385
1 0.7475961538461539 0.27283653846153844 0.03365384615384615 0.057692307692307696
1 0.7776442307692307 0.27884615384615385 0.036057692307692304 0.06009615384615385
0 0.8100961538461539 0.27884615384615385 0.036057692307692304 0.0673076923076923
1 0.8365384615384616 0.28125 0.038461538461538464 0.06009615384615385
1 0.8677884615384616 0.28125 0.04326923076923077 0.0673076923076923
0 0.21153846153846154 0.3449519230769231 0.05048076923076923 0.0673076923076923
0 0.23798076923076922 0.3473557692307692 0.05048076923076923 0.06971153846153846
1 0.265625 0.35216346153846156 0.04567307692307692 0.06971153846153846
0 0.29927884615384615 0.3557692307692308 0.04807692307692308 0.06490384615384616
1 0.33052884615384615 0.3605769230769231 0.04567307692307692 0.0673076923076923
1 0.36899038461538464 0.3629807692307692 0.04326923076923077 0.0625
0 0.3954326923076923 0.36538461538461536 0.04326923076923077 0.0673076923076923
1 0.4326923076923077 0.3629807692307692 0.040865384615384616 0.06490384615384616
0 0.45913461538461536 0.36778846153846156 0.040865384615384616 0.0625
0 0.4891826923076923 0.36899038461538464 0.04326923076923077 0.0673076923076923
0 0.5204326923076923 0.37259615384615385 0.040865384615384616 0.0673076923076923
0 0.5480769230769231 0.3762019230769231 0.038461538461538464 0.06490384615384616
0 0.5805288461538461 0.37740384615384615 0.038461538461538464 0.07451923076923077
1 0.6129807692307693 0.38221153846153844 0.038461538461538464 0.06490384615384616
0 0.6442307692307693 0.38221153846153844 0.04326923076923077 0.06971153846153846
0 0.6790865384615384 0.38221153846153844 0.038461538461538464 0.07932692307692307
1 0.7115384615384616 0.390625 0.040865384615384616 0.07932692307692307
0 0.7439903846153846 0.3894230769230769 0.04567307692307692 0.07932692307692307
0 0.7764423076923077 0.3954326923076923 0.040865384615384616 0.07451923076923077
0 0.8100961538461539 0.39903846153846156 0.04807692307692308 0.08173076923076923
0 0.8449519230769231 0.4014423076923077 0.04326923076923077 0.07692307692307693
0 0.8786057692307693 0.4050480769230769 0.04567307692307692 0.07451923076923077
1 0.18269230769230768 0.40625 0.04807692307692308 0.08653846153846154
1 0.21153846153846154 0.41225961538461536 0.055288461538461536 0.0889423076923077
1 0.24158653846153846 0.4098557692307692 0.05048076923076923 0.09134615384615384
1 0.2692307692307692 0.421875 0.05048076923076923 0.08653846153846154
1 0.3016826923076923 0.421875 0.04807692307692308 0.08653846153846154
1 0.34615384615384615 0.43028846153846156 0.040865384615384616 0.09134615384615384
1 0.3798076923076923 0.43149038461538464 0.052884615384615384 0.09134615384615384
1 0.40865384615384615 0.4362980769230769 0.04807692307692308 0.08653846153846154
1 0.4423076923076923 0.4362980769230769 0.04807692307692308 0.09134615384615384
1 0.4735576923076923 0.4423076923076923 0.038461538461538464 0.08173076923076923
1 0.5072115384615384 0.44591346153846156 0.04326923076923077 0.08173076923076923
1 0.5360576923076923 0.45072115384615385 0.04326923076923077 0.07692307692307693
1 0.5733173076923077 0.4519230769230769 0.036057692307692304 0.07692307692307693
1 0.6033653846153846 0.4567307692307692 0.040865384615384616 0.07692307692307693
1 0.6358173076923077 0.45913461538461536 0.038461538461538464 0.07932692307692307
1 0.6706730769230769 0.46033653846153844 0.040865384615384616 0.07932692307692307
0 0.7055288461538461 0.4675480769230769 0.040865384615384616 0.07692307692307693
0 0.7379807692307693 0.46875 0.04326923076923077 0.07211538461538461
1 0.7740384615384616 0.4735576923076923 0.04326923076923077 0.07932692307692307
1 0.8076923076923077 0.4735576923076923 0.04807692307692308 0.08173076923076923
1 0.8413461538461539 0.4807692307692308 0.04326923076923077 0.07451923076923077
1 0.8810096153846154 0.47716346153846156 0.052884615384615384 0.08173076923076923
1 0.109375 0.5588942307692307 0.055288461538461536 0.09134615384615384
1 0.140625 0.5661057692307693 0.055288461538461536 0.08653846153846154
1 0.17548076923076922 0.5697115384615384 0.055288461538461536 0.08653846153846154
1 0.21033653846153846 0.5709134615384616 0.05048076923076923 0.08653846153846154
1 0.24278846153846154 0.5805288461538461 0.052884615384615384 0.08173076923076923
1 0.2956730769230769 0.5829326923076923 0.04807692307692308 0.07692307692307693
1 0.3317307692307692 0.5841346153846154 0.05048076923076923 0.08653846153846154
1 0.36899038461538464 0.5913461538461539 0.06009615384615385 0.09375
1 0.4026442307692308 0.5949519230769231 0.052884615384615384 0.08653846153846154
1 0.4375 0.6021634615384616 0.052884615384615384 0.0889423076923077
1 0.47115384615384615 0.6045673076923077 0.04567307692307692 0.08653846153846154
0 0.5072115384615384 0.6105769230769231 0.04807692307692308 0.09375
1 0.5444711538461539 0.6105769230769231 0.04807692307692308 0.08653846153846154
1 0.5829326923076923 0.6165865384615384 0.04567307692307692 0.09375
1 0.6189903846153846 0.6177884615384616 0.04567307692307692 0.0889423076923077
1 0.6586538461538461 0.6274038461538461 0.04807692307692308 0.0889423076923077
1 0.6971153846153846 0.6346153846153846 0.052884615384615384 0.09134615384615384
0 0.7355769230769231 0.6358173076923077 0.052884615384615384 0.0889423076923077
1 0.7752403846153846 0.640625 0.05048076923076923 0.09615384615384616
1 0.8137019230769231 0.6466346153846154 0.057692307692307696 0.10096153846153846
0 0.8509615384615384 0.6454326923076923 0.052884615384615384 0.09615384615384616
1 0.890625 0.6490384615384616 0.06009615384615385 0.09615384615384616
1 0.03125 0.6754807692307693 0.0625 0.08413461538461539
0 0.06850961538461539 0.6826923076923077 0.0673076923076923 0.09375
1 0.11177884615384616 0.6899038461538461 0.0673076923076923 0.09615384615384616
1 0.15264423076923078 0.6947115384615384 0.07211538461538461 0.0985576923076923
0 0.1971153846153846 0.6971153846153846 0.0673076923076923 0.10336538461538461
0 0.23557692307692307 0.7007211538461539 0.06490384615384616 0.09615384615384616
1 0.28125 0.7043269230769231 0.0625 0.0889423076923077
0 0.3269230769230769 0.7127403846153846 0.0625 0.0889423076923077
0 0.36899038461538464 0.7247596153846154 0.0625 0.09134615384615384
1 0.41466346153846156 0.7235576923076923 0.06009615384615385 0.09134615384615384
0 0.4579326923076923 0.7307692307692307 0.052884615384615384 0.09375
1 0.49759615384615385 0.7391826923076923 0.057692307692307696 0.09615384615384616