1 0.44350961538461536 0.6586538461538461 0.07932692307692307 0.21394230769230768
1 0.5072115384615384 0.6670673076923077 0.07451923076923077 0.19951923076923078
0 0.5649038461538461 0.6862980769230769 0.07692307692307693 0.19951923076923078
1 0.7536057692307693 0.7091346153846154 0.08173076923076923 0.21634615384615385
0 0.31971153846153844 0.6574519230769231 0.07692307692307693 0.19471153846153846
0 0.2608173076923077 0.6478365384615384 0.07692307692307693 0.18990384615384615
0 0.6887019230769231 0.7007211538461539 0.08653846153846154 0.20192307692307693
0 0.38100961538461536 0.6634615384615384 0.07692307692307693 0.20192307692307693
0 0.20072115384615385 0.6430288461538461 0.07211538461538461 0.18990384615384615
0 0.6262019230769231 0.6983173076923077 0.07932692307692307 0.20432692307692307
0 0.7956730769230769 0.35096153846153844 0.08173076923076923 0.21634615384615385
0 0.6694711538461539 0.33653846153846156 0.07932692307692307 0.21153846153846154
0 0.5504807692307693 0.31971153846153844 0.07932692307692307 0.22115384615384615
0 0.7331730769230769 0.34615384615384615 0.07932692307692307 0.21394230769230768
0 0.30288461538461536 0.29447115384615385 0.08173076923076923 0.21634615384615385
0 0.3641826923076923 0.3016826923076923 0.07692307692307693 0.21634615384615385
1 0.24278846153846154 0.29086538461538464 0.07211538461538461 0.2091346153846154
1 0.484375 0.3317307692307692 0.07932692307692307 0.24759615384615385
1 0.6069711538461539 0.3545673076923077 0.07932692307692307 0.21875
1 0.4182692307692308 0.33653846153846156 0.07451923076923077 0.22596153846153846