1 0.65625 0.21754807692307693 0.18509615384615385 0.125
0 0.0829326923076923 0.265625 0.1658653846153846 0.11298076923076923
0 0.8293269230769231 0.21754807692307693 0.18028846153846154 0.11778846153846154
0 0.25841346153846156 0.265625 0.16105769230769232 0.13221153846153846
1 0.09495192307692307 0.34975961538461536 0.17307692307692307 0.14423076923076922
1 0.27403846153846156 0.3605769230769231 0.16826923076923078 0.1466346153846154
1 0.8221153846153846 0.33052884615384615 0.15865384615384615 0.11538461538461539
0 0.6466346153846154 0.35336538461538464 0.1778846153846154 0.10576923076923077
1 0.08413461538461539 0.06009615384615385 0.16826923076923078 0.07692307692307693
1 0.8052884615384616 0.026442307692307692 0.15865384615384615 0.052884615384615384
0 0.625 0.03485576923076923 0.18269230769230768 0.06971153846153846
0 0.28125 0.46875 0.17067307692307693 0.12980769230769232
1 0.09134615384615384 0.484375 0.18269230769230768 0.12259615384615384
1 0.84375 0.43990384615384615 0.16346153846153846 0.09615384615384616
0 0.6490384615384616 0.46153846153846156 0.18990384615384615 0.12259615384615384
1 0.24759615384615385 0.057692307692307696 0.17307692307692307 0.09375
1 0.2764423076923077 0.5625 0.18509615384615385 0.17307692307692307
1 0.6538461538461539 0.5540865384615384 0.17307692307692307 0.12980769230769232
0 0.09975961538461539 0.6021634615384616 0.18269230769230768 0.10336538461538461
1 0.8341346153846154 0.5661057692307693 0.17067307692307693 0.11057692307692307
0 0.10817307692307693 0.7103365384615384 0.18028846153846154 0.10336538461538461
1 0.6742788461538461 0.671875 0.17307692307692307 0.1346153846153846
1 0.2932692307692308 0.7163461538461539 0.16826923076923078 0.12259615384615384
1 0.84375 0.6838942307692307 0.15865384615384615 0.10576923076923077
1 0.1141826923076923 0.7992788461538461 0.17307692307692307 0.15144230769230768
1 0.296875 0.796875 0.19471153846153846 0.12259615384615384
1 0.6814903846153846 0.8016826923076923 0.17307692307692307 0.11057692307692307
1 0.8389423076923077 0.7896634615384616 0.1466346153846154 0.125
0 0.078125 0.15384615384615385 0.15625 0.10096153846153846
1 0.23076923076923078 0.1466346153846154 0.18990384615384615 0.16105769230769232
1 0.6478365384615384 0.13221153846153846 0.15625 0.125
1 0.8245192307692307 0.12259615384615384 0.1778846153846154 0.10336538461538461