0 0.8521634615384616 0.7043269230769231 0.10817307692307693 0.2980769230769231
0 0.26802884615384615 0.6442307692307693 0.10576923076923077 0.3125
0 0.7560096153846154 0.6983173076923077 0.10336538461538461 0.30528846153846156
0 0.0733173076923077 0.6225961538461539 0.12259615384615384 0.34375
0 0.9399038461538461 0.7259615384615384 0.09375 0.2692307692307692
0 0.16826923076923078 0.65625 0.10576923076923077 0.3076923076923077
0 0.46274038461538464 0.6875 0.11778846153846154 0.33413461538461536
1 0.36538461538461536 0.6766826923076923 0.09134615384615384 0.30528846153846156
0 0.6514423076923077 0.7067307692307693 0.10336538461538461 0.3076923076923077
1 0.5552884615384616 0.7067307692307693 0.09134615384615384 0.33653846153846156
1 0.6959134615384616 0.24278846153846154 0.0985576923076923 0.3076923076923077
1 0.796875 0.25841346153846156 0.08413461538461539 0.2860576923076923
1 0.4050480769230769 0.22956730769230768 0.09615384615384616 0.35096153846153844
0 0.9699519230769231 0.2920673076923077 0.06009615384615385 0.2764423076923077
1 0.8894230769230769 0.28365384615384615 0.08173076923076923 0.30528846153846156
1 0.6033653846153846 0.2548076923076923 0.09375 0.3485576923076923
1 0.30649038461538464 0.2247596153846154 0.11298076923076923 0.3269230769230769
1 0.21394230769230768 0.22235576923076922 0.11538461538461539 0.30288461538461536
0 0.11778846153846154 0.22235576923076922 0.10096153846153846 0.31971153846153844
0 0.5024038461538461 0.2764423076923077 0.09615384615384616 0.27884615384615385