1 0.2536057692307692 0.30288461538461536 0.20192307692307693 0.39903846153846156
1 0.7415865384615384 0.20552884615384615 0.19471153846153846 0.36538461538461536
0 0.3786057692307692 0.29447115384615385 0.18028846153846154 0.34134615384615385
0 0.9122596153846154 0.17067307692307693 0.12259615384615384 0.34134615384615385
0 0.15144230769230768 0.3485576923076923 0.17307692307692307 0.35096153846153844
0 0.06370192307692307 0.375 0.12740384615384615 0.34134615384615385
0 0.49759615384615385 0.27403846153846156 0.17067307692307693 0.3605769230769231
0 0.8377403846153846 0.1971153846153846 0.15144230769230768 0.33413461538461536
0 0.6105769230769231 0.2512019230769231 0.1778846153846154 0.3485576923076923
1 0.09615384615384616 0.7115384615384616 0.19230769230769232 0.3701923076923077
0 0.35216346153846156 0.6766826923076923 0.17548076923076922 0.35096153846153844
0 0.23798076923076922 0.7079326923076923 0.1875 0.3629807692307692
0 0.4651442307692308 0.6586538461538461 0.1875 0.35336538461538464
0 0.5769230769230769 0.6322115384615384 0.18028846153846154 0.35336538461538464
0 0.9711538461538461 0.5324519230769231 0.057692307692307696 0.3485576923076923
1 0.9158653846153846 0.5552884615384616 0.16826923076923078 0.40865384615384615
0 0.8125 0.5865384615384616 0.17307692307692307 0.3557692307692308
1 0.6995192307692307 0.6177884615384616 0.21394230769230768 0.41346153846153844